363 471
471 830
830 363
782 902
403 782
403 902
782 1025
403 1025
224 363
224 471
825 223
223 771
771 825
764 1170
134 764
134 1170
899 1440
146 899
146 1440
351 902
902 380
380 351
351 782
288 486
486 1101
288 1101
134 1242
479 1242
479 134
764 1242
161 1268
361 1268
361 161
646 1268
220 1268
220 646
361 646
224 329
363 329
658 1001
1001 1008
1008 658
680 1201
680 1140
1140 1201
882 1395
57 1395
57 882
549 669
309 669
309 549
429 1134
519 1134
519 429
1134 1365
519 1365
596 1134
596 1365
105 397
397 262
105 262
181 920
181 289
289 920
394 677
223 394
223 677
1070 221
221 764
764 1070
1070 1170
1170 1135
1135 1070
221 286
286 764
221 1298
286 1298
899 1197
146 1197
190 1197
146 190
761 1197
190 761
502 715
502 1024
715 1024
1 384
384 1352
1 1352
1 447
384 447
142 384
142 447
567 786
579 786
567 579
646 1263
220 1263
177 646
177 361
142 1396
447 1396
1 86
86 447
86 1396
86 1216
1216 1396
726 1023
25 1023
25 726
567 585
567 797
585 797
406 567
406 797
288 1417
1101 1417
618 1417
288 618
572 813
572 1089
813 1089
813 1054
572 1054
4 352
4 1369
352 1369
352 765
4 765
689 898
898 1057
689 1057
21 701
21 894
894 701
21 466
466 701
466 1314
426 466
426 1314
21 1314
20 1314
20 21
619 1314
426 619
143 503
0 143
0 503
143 206
0 206
206 266
206 965
965 266
1130 1225
375 1225
375 1130
679 808
317 808
317 679
1000 1324
1000 1243
1243 1324
55 648
55 57
57 648
648 1395
69 1201
1201 830
69 830
69 471
69 1065
471 1065
255 680
255 882
882 680
255 1395
255 1201
69 255
255 1065
1065 1395
1304 919
643 919
643 1304
258 1377
78 1377
78 258
669 1377
1377 309
78 669
669 1149
78 1149
549 1149
315 1149
78 315
1149 1304
643 1149
549 1304
258 695
695 846
846 258
78 695
315 695
67 315
67 695
195 1365
195 519
1493 1411
244 1411
244 1493
497 1493
244 497
497 1244
1244 1493
1159 120
120 429
429 1159
497 897
244 897
596 897
497 596
546 876
562 876
546 562
105 546
105 876
397 546
546 1490
1490 397
1143 1163
306 1143
306 1163
926 1163
926 1143
466 474
426 474
394 474
394 426
223 474
474 771
192 1242
192 764
192 286
472 1025
472 403
207 1326
404 1326
207 404
207 1196
1196 1326
853 1374
610 853
610 1374
499 861
861 1060
499 1060
466 1359
701 1359
474 1359
1359 771
849 1349
360 849
360 1349
1371 1445
2 1371
2 1445
141 986
141 1349
986 1349
141 849
962 986
128 986
128 962
1091 1307
1091 993
993 1307
324 775
324 1352
775 1352
384 775
775 888
324 888
327 888
184 888
184 327
184 775
384 1442
142 1442
62 1442
673 1442
62 673
62 184
184 1442
775 1442
553 1268
220 553
553 1429
220 1429
553 927
927 1429
553 1463
927 1463
102 578
578 382
382 102
102 1081
1081 1463
102 1463
177 1340
646 1340
1263 1340
412 1263
412 1340
769 1340
412 769
1173 1330
412 1330
412 1173
1173 1347
1330 1347
769 1330
1173 1306
412 1306
1216 1306
1173 1216
1306 1396
1263 1306
1173 1416
1416 1347
968 1143
306 968
1036 1061
1061 1113
1036 1113
812 1349
360 812
455 763
763 1232
455 1232
312 455
312 763
43 841
547 841
43 547
1076 1371
2 1076
86 1250
1 1250
821 1451
346 821
346 1451
1364 1451
821 1364
427 1364
236 427
236 1364
427 1451
436 1451
427 436
61 1403
1237 1403
61 1237
61 1031
1031 1403
594 608
175 608
175 594
608 1256
608 847
847 1256
187 1277
1184 1277
187 1184
154 1256
154 847
1142 1341
477 1341
477 1142
154 1341
154 477
1256 1341
593 1477
417 1477
417 593
470 1477
417 470
229 633
387 633
229 387
434 1428
434 462
462 1428
340 627
340 981
627 981
627 1142
340 1142
254 492
492 1035
254 1035
585 832
797 832
339 786
339 567
339 585
322 339
322 786
832 1258
797 1258
1258 1462
832 1462
1277 1295
1184 1295
1111 1295
1111 1184
423 1281
170 1281
170 423
1111 1281
1184 1281
94 406
94 170
170 406
744 1423
550 744
550 1423
744 1379
719 1379
719 744
1379 1423
1023 1423
1023 1379
156 946
156 908
908 946
470 628
417 628
682 695
67 682
682 829
829 846
682 846
968 1399
306 1399
1107 1417
80 1417
80 1107
828 1107
80 828
468 828
468 1107
468 859
859 1107
492 1068
1035 1068
450 1068
450 1035
1068 1302
450 1302
450 1112
1112 1162
450 1162
1112 1302
660 1265
1059 1265
660 1059
689 1026
241 689
241 1026
898 1026
1015 1413
440 1015
440 1413
572 1015
440 572
1015 1089
313 1015
313 1089
743 1413
610 743
610 1413
898 1165
1057 1165
537 1165
537 591
591 1165
537 898
352 1220
1220 1369
352 1366
765 1366
320 445
320 444
444 445
445 881
320 881
4 1278
765 1278
190 1114
146 1114
190 692
692 1114
4 802
802 1369
802 989
989 1369
21 115
115 894
20 115
619 1412
426 1412
394 1412
1242 1412
479 1412
677 1412
677 479
132 503
0 132
132 618
132 288
91 503
91 143
91 224
91 471
143 224
91 1065
206 295
0 295
266 295
132 295
288 295
295 486
266 486
206 408
143 408
224 408
408 1001
408 1008
329 408
329 1008
1001 965
408 965
854 1324
1324 1473
854 1473
854 1000
465 469
465 551
469 551
465 808
317 465
679 1261
679 866
866 1261
808 1261
254 1072
254 539
539 1072
648 1310
1310 1395
1065 1310
521 1310
937 1310
521 937
521 648
562 642
562 643
642 643
642 919
919 181
181 642
562 654
643 654
654 1149
315 654
67 654
632 654
67 632
654 876
632 876
64 497
64 1244
64 120
120 1244
64 1134
64 596
64 429
1323 1330
1347 1323
769 1323
708 1323
1323 712
712 708
708 769
897 931
244 931
931 1163
926 931
745 1163
745 931
178 1315
178 1410
1410 1315
305 931
305 745
305 897
305 874
745 874
656 874
305 656
105 638
262 638
638 1293
262 1293
35 1293
35 638
35 1102
638 1102
37 876
37 105
37 638
37 1102
1007 1102
37 1007
37 632
632 1007
148 1125
1125 1221
1221 148
192 1139
286 1139
149 192
149 1242
149 1412
149 619
149 1139
149 1249
619 1249
1139 1249
472 862
862 1196
1196 472
862 1326
862 1025
1019 1197
899 1019
259 899
259 1019
404 1019
259 404
1019 1326
334 544
544 485
334 485
404 772
259 772
336 899
259 336
336 1440
336 484
484 1440
334 780
485 780
780 1176
485 1176
575 629
629 976
575 976
575 1010
629 1010
126 386
386 1010
126 1010
386 482
482 1496
386 1496
155 729
155 591
591 729
155 507
189 507
155 189
709 1089
313 709
537 709
537 1089
591 709
709 729
354 1015
313 354
354 1413
354 610
354 853
853 1005
1005 1374
217 1005
217 853
174 498
498 1247
1247 174
83 749
83 280
280 749
351 1426
782 1426
92 1426
351 92
101 1236
761 1236
101 761
190 1236
692 1236
849 1402
360 1402
1402 1403
1237 1402
294 379
379 955
294 955
294 962
955 962
294 624
294 1350
624 1350
379 624
141 424
424 849
740 1371
128 740
128 1371
740 962
740 1445
1350 1445
740 1350
294 740
688 962
688 955
141 688
688 986
374 505
374 817
817 505
512 935
935 1279
512 1279
756 935
756 1279
935 210
210 756
1081 1478
1081 921
921 1478
673 921
673 1478
927 1478
1463 1478
23 888
23 327
199 379
199 955
199 1305
379 1305
257 502
257 1024
1040 1180
1040 1357
1180 1357
736 870
291 870
291 736
62 748
748 948
62 948
921 748
673 748
62 792
792 948
948 696
696 792
327 792
184 792
1439 1445
2 1439
699 1188
324 699
324 1188
944 1188
203 1188
203 944
699 944
1354 1442
142 1354
1354 1429
142 1429
927 1354
673 1354
1354 1478
869 1396
142 869
869 1429
869 1306
869 1263
220 869
167 553
167 1268
161 167
167 578
161 578
167 1463
102 167
574 840
40 840
40 574
840 1415
40 1415
1274 1340
1274 177
769 1274
708 1274
97 1173
97 1216
97 1416
97 528
528 1416
455 837
312 837
968 1272
1143 1272
1113 1272
968 1113
308 985
985 1128
308 1128
308 1036
985 1036
98 1402
98 360
98 1403
946 1141
208 946
208 1141
812 1141
360 1141
208 812
98 1141
651 1290
1290 1487
651 1487
946 1185
908 1185
208 1185
1185 1290
908 1290
651 1185
443 651
443 1487
443 455
443 1232
458 1203
1203 1339
458 1339
118 812
118 1349
118 986
118 1339
128 1339
118 128
425 841
43 425
425 1376
1049 1376
425 1049
506 982
287 982
287 506
841 982
547 982
1076 1275
1275 1371
1203 1275
1275 1339
128 1275
506 607
607 1203
506 1203
607 1275
607 1076
287 607
607 1204
287 1204
1076 1204
370 517
370 17
17 517
324 1465
1352 1465
699 1465
89 637
89 1051
637 1051
89 698
637 698
256 1181
1181 941
256 941
982 1262
287 1262
841 1262
821 879
879 1237
821 1237
879 1364
61 879
657 1451
436 657
346 657
726 911
907 911
726 907
25 911
911 1031
25 1031
61 911
608 806
806 847
594 806
153 767
684 767
153 684
153 1281
153 1184
153 423
423 767
366 608
175 366
366 1256
113 154
113 847
113 794
794 1174
113 1174
627 975
975 1142
975 1341
975 1378
54 975
54 1378
627 1222
981 1222
633 1222
633 981
10 1341
10 1256
10 366
10 975
10 1378
693 1378
10 693
366 693
1375 1477
54 1375
54 1477
1375 1378
311 1375
593 1375
311 593
122 633
122 229
122 628
122 470
122 1222
470 1222
633 895
895 981
387 895
557 1428
434 557
1085 1142
477 1085
340 1085
434 1178
462 1178
222 254
222 1035
222 539
254 510
492 510
510 1072
1072 548
510 548
117 338
117 859
338 859
117 1107
117 618
117 1417
423 659
170 659
94 659
730 1283
444 730
444 1283
320 1283
676 1258
676 1462
1111 1258
676 1111
676 1295
8 406
8 170
8 1258
8 1111
8 797
8 1281
165 1207
28 165
28 1207
721 1207
165 721
693 950
290 693
290 950
366 950
175 950
123 823
371 823
123 371
491 950
290 491
452 823
371 452
576 918
576 914
914 918
94 301
301 406
301 1130
301 579
579 1130
301 375
94 375
301 567
744 799
719 799
491 799
290 799
799 1117
290 1117
744 1117
311 1117
311 550
550 1117
156 720
156 631
631 720
147 720
635 720
147 635
147 156
147 908
311 1342
593 1342
550 1342
1031 1414
25 1414
628 909
417 909
46 909
662 909
46 662
227 909
227 628
227 662
678 1231
229 1231
229 678
554 1458
554 1253
1253 1458
227 554
227 1253
554 662
647 1458
554 647
337 1231
337 1253
1231 1253
337 1458
785 1102
785 1007
759 785
759 1007
35 330
330 1102
330 785
269 330
269 785
330 1064
35 1064
682 1334
67 1334
759 1334
1007 1334
632 1334
1006 1042
1042 829
829 1006
682 1006
1006 1334
759 1006
6 201
201 1144
6 1144
166 350
166 893
350 893
350 1126
166 1126
1061 1481
1061 1148
1148 1481
711 1061
711 1113
711 968
711 1399
711 1481
211 1163
211 745
211 306
84 529
84 1126
529 1126
84 166
84 1399
166 1399
84 306
84 211
211 529
529 1273
1126 1273
268 1273
268 670
670 1273
828 1457
80 1457
219 1068
219 492
145 450
145 1162
228 1112
228 462
462 1112
228 1302
228 1428
228 1455
1428 1455
42 228
42 1455
42 1302
906 1388
734 906
734 1388
660 1388
1059 1388
464 1428
464 1455
464 906
906 1455
464 557
464 1059
557 1059
464 1388
108 906
108 1455
42 108
108 468
108 859
42 859
1228 1291
734 1291
734 1228
983 1228
983 1291
660 1079
660 1459
1079 1459
1079 1265
612 1079
612 1459
650 1026
650 898
537 650
650 813
650 1089
1084 1165
591 1084
155 1084
189 1084
732 1220
20 1220
20 732
732 1314
619 732
732 1249
353 815
431 815
353 431
349 815
349 431
29 689
29 1057
29 431
431 1057
29 349
1029 1103
987 1103
987 1029
705 1103
1103 810
705 810
705 987
636 832
636 1462
636 1404
636 1475
1404 1475
832 1404
585 1404
1384 1404
1384 1475
339 1384
322 1384
585 1384
730 1190
160 1190
160 730
1190 1283
393 1190
160 393
310 1366
310 765
310 705
310 987
795 1220
352 795
795 1366
732 795
795 1249
265 1029
119 265
119 1029
265 987
265 310
265 1366
297 689
241 297
186 445
186 881
186 297
297 445
283 320
283 881
283 1283
283 1167
1167 1283
418 1278
4 418
524 755
755 954
524 954
186 755
186 954
755 881
718 901
901 1212
718 1212
1108 1440
146 1108
1108 1114
625 802
802 1004
625 1004
625 989
132 1425
618 1425
117 1425
338 1425
854 1386
854 1225
1225 1386
1130 1386
857 1386
857 1000
1000 1386
465 1158
551 1158
808 1158
465 1333
469 1333
317 1333
1333 270
270 317
648 1320
55 1320
521 1320
548 1320
548 55
510 1320
91 1327
1065 1327
1310 1327
937 1327
503 1327
53 920
920 1490
53 1490
53 546
53 181
53 642
53 562
246 931
244 246
246 926
5 246
5 926
246 1411
1411 121
121 246
5 121
1071 1331
1315 1331
1315 1071
178 1331
93 1273
93 529
93 700
93 670
670 700
700 1160
700 487
487 1160
93 1160
305 1186
656 1186
1186 1365
596 1186
897 1186
1293 1483
35 1483
1064 1483
1483 152
152 1064
530 727
530 1003
727 1003
530 1109
727 1109
1090 1125
1090 1221
613 1090
613 1221
1125 1195
40 1125
40 1195
1090 1195
1195 1394
1090 1394
504 1267
504 1187
1187 1267
1058 1267
1058 1187
1058 1436
1267 1436
558 1267
504 558
862 1318
1025 1318
101 1318
761 1318
205 862
205 1326
205 1019
205 1197
205 1318
205 761
328 772
259 328
328 778
772 778
328 336
961 207
404 961
772 961
603 1438
603 1077
1077 1438
168 603
168 845
603 845
168 1438
780 971
334 971
564 971
334 564
504 971
504 564
971 1187
605 1270
1077 1270
605 1077
1005 1270
1270 1374
605 1005
936 1374
610 936
743 936
427 1474
236 1474
16 743
743 878
16 878
16 1474
878 1474
16 936
16 1437
936 1437
694 715
502 694
694 1182
715 1182
386 939
939 1496
939 1010
629 939
939 1182
629 1182
126 1122
1010 1122
575 1122
369 575
369 1122
922 1122
369 922
1259 1438
1077 1259
446 1138
217 446
217 1138
446 916
446 729
729 916
709 916
313 916
354 916
853 916
217 916
956 1138
446 956
967 1138
956 967
933 1247
933 1280
1280 1247
498 933
498 1391
174 1391
970 1391
970 38
38 1391
174 970
499 1391
498 499
861 1391
38 861
499 751
751 1060
1060 34
34 751
1150 1252
34 1252
34 1150
751 1252
402 1252
402 751
667 749
83 667
667 692
83 692
667 1114
749 216
216 667
563 1329
563 1260
1260 1329
130 626
626 702
130 702
782 1464
1025 1464
1426 1464
1318 1464
101 1464
278 687
687 280
278 280
83 278
386 831
126 831
831 1495
346 831
346 1495
482 831
482 1495
657 831
126 657
1087 1348
1087 1233
1233 1348
424 1485
849 1485
821 1485
1237 1485
1402 1485
714 1091
505 714
505 1091
374 714
714 1307
240 714
240 374
1307 100
100 714
374 735
735 817
210 735
210 817
735 756
851 858
696 858
696 851
23 858
327 858
792 858
164 321
164 1348
321 1348
321 1233
321 944
203 321
944 1233
321 611
203 611
164 611
482 514
514 1496
135 514
135 1496
71 688
71 141
71 424
71 1427
424 1427
263 925
263 267
267 925
923 1062
923 976
976 1062
1180 1447
1040 1447
715 1447
1024 1447
1024 1040
1062 1447
1062 1180
903 1436
903 1357
1357 1436
903 1180
903 1058
501 1058
501 903
675 1267
558 675
675 1436
997 1332
997 512
512 1332
1279 1332
215 1332
215 1279
215 238
238 1332
774 1489
27 774
27 1489
215 1489
238 1489
215 291
291 1489
674 675
124 675
124 674
558 674
666 674
558 666
674 774
666 774
736 1033
291 1033
215 1033
756 1033
1033 1279
451 1087
451 1233
451 624
451 1350
624 1087
1099 1439
2 1099
451 880
880 1350
880 1445
880 1439
23 617
617 888
324 617
617 1188
203 617
757 1125
148 757
148 783
757 783
574 757
783 574
40 757
957 1415
840 957
957 469
551 957
551 1415
613 1420
1299 1420
1299 613
1090 1420
863 1420
1394 1420
863 1394
863 1460
1394 1460
1080 1460
1137 1460
1080 1137
863 1080
422 490
422 1299
490 1299
490 1420
490 863
490 1020
422 1020
49 966
966 1487
49 1487
837 966
455 966
443 966
723 1061
723 1036
308 723
308 312
312 723
723 837
723 1148
837 1148
1009 1376
1009 1049
1362 1009
1362 1376
1009 260
260 1049
273 1272
273 1143
273 926
5 273
985 1052
1052 1128
1052 1355
1128 1355
453 1052
453 1355
5 1269
121 1269
942 1067
367 1067
367 942
49 942
49 1067
81 1328
81 367
367 1328
81 942
81 952
942 952
1067 1469
367 1469
98 649
649 1403
649 1031
649 1414
73 1141
73 946
73 98
73 156
73 631
73 649
631 649
1185 1488
208 1488
651 1488
458 1214
1203 1214
506 1214
599 1355
599 1128
43 1355
43 599
547 599
599 1152
547 1152
763 978
312 978
978 1152
763 1152
599 978
308 978
978 1128
494 1355
43 494
425 494
494 1376
453 494
982 1164
506 1164
1164 1214
1152 1164
547 1164
1214 1232
1164 1232
763 1164
517 1433
370 1433
1215 1433
1215 370
1086 1433
1086 1215
1389 1465
698 1465
698 1389
1250 1389
1 1389
1352 1389
1168 1465
698 1168
89 1168
699 1168
381 1168
89 381
256 1209
1209 1250
256 1250
97 1209
528 1209
941 1209
941 528
86 1209
1209 1216
151 256
151 1181
17 151
17 1181
151 517
376 1204
287 376
376 1262
376 1032
1032 1204
376 1208
1208 1262
584 879
61 584
584 911
584 1364
236 584
584 907
236 907
272 806
684 806
272 684
272 847
113 272
272 794
615 794
615 1174
232 615
615 1012
232 1012
645 806
645 684
153 645
187 645
594 645
187 594
645 1184
1074 1222
627 1074
975 1074
54 1074
470 1074
1074 1477
895 1093
867 1093
867 895
340 1093
981 1093
1085 1217
652 1085
652 1217
1178 1217
434 1217
652 1178
340 1217
560 690
242 560
242 690
614 781
781 805
805 614
495 1363
1363 1194
495 1194
781 929
929 1257
781 1257
614 929
145 904
904 1162
904 1257
145 1257
597 690
597 652
652 690
597 1178
112 854
112 1473
112 1363
1473 1363
112 495
112 1225
974 1225
375 974
163 281
281 1194
1194 163
281 495
59 500
59 202
202 500
212 500
59 212
659 996
423 996
659 1066
996 1066
500 996
500 1066
202 996
767 996
202 767
261 676
261 1295
165 1118
721 1118
676 1118
1118 1462
261 1118
165 261
18 123
18 823
18 491
491 823
18 950
18 175
123 538
371 538
491 681
681 823
452 681
681 799
681 719
335 452
335 371
1189 1295
1189 1277
261 1189
445 1229
444 1229
297 1229
241 1229
730 1300
160 1300
28 160
28 1300
988 1375
311 988
988 1117
988 1378
693 988
290 988
226 726
226 1023
226 1379
907 1030
236 1030
1030 1474
878 1030
416 753
395 416
395 753
176 720
176 635
147 951
635 951
912 951
147 912
46 951
46 635
147 536
536 908
536 912
536 1014
912 1014
536 1290
1014 1290
460 1423
460 550
460 1342
169 1342
169 460
122 570
570 628
227 570
570 1231
229 570
570 1253
892 909
417 892
593 892
892 1342
169 892
441 678
441 1231
337 441
441 973
337 973
895 1325
387 1325
867 1325
185 269
185 804
269 804
185 330
185 1064
641 1382
401 641
401 1382
785 1387
269 1387
1387 1497
1172 1497
1172 1387
759 1387
601 1497
601 1172
776 930
647 930
647 776
776 1458
634 964
264 634
264 964
776 964
930 964
634 776
299 1104
299 401
401 1104
561 641
401 561
561 634
264 561
1006 1038
759 1038
1038 1183
1038 1172
1172 1183
1038 1387
243 1006
243 1042
243 604
604 1042
243 1038
243 1183
1255 1291
983 1255
1255 1430
983 1430
6 980
980 1144
980 1491
1491 606
606 980
6 606
612 960
960 1459
960 1255
960 1430
711 1472
1399 1472
1472 1481
166 1472
893 1472
219 885
219 338
338 885
885 1068
859 885
42 885
885 1302
285 510
285 492
219 285
285 1320
285 521
686 1388
660 686
686 1459
686 1291
686 734
686 960
686 1255
108 249
249 906
249 734
249 1228
249 828
828 1228
249 468
1372 1457
828 1372
1228 1372
983 1372
302 1372
302 983
803 1079
612 803
738 813
738 1054
335 738
335 1054
110 738
110 335
333 1229
241 333
85 373
41 373
41 85
373 1467
373 671
671 1467
41 1467
815 1078
1004 1078
815 1004
353 1078
437 1084
437 1165
353 437
431 437
437 1057
437 766
353 766
766 1084
355 1020
355 422
410 1312
1312 1475
410 1475
1312 1384
1283 1408
1167 1408
1190 1408
13 393
13 160
13 28
13 1207
13 79
79 393
79 741
250 741
79 250
393 741
1207 1219
721 1219
133 1219
133 721
13 1219
79 1219
310 1434
705 1434
765 1434
1278 1434
994 1434
994 1278
96 1139
96 1249
96 795
96 1366
96 265
29 834
689 834
297 834
186 834
834 954
802 1211
4 1211
418 1211
1004 1211
349 418
349 1211
815 1211
418 739
739 1278
524 739
739 954
739 994
524 994
526 1005
526 605
526 901
605 901
217 526
526 1138
526 967
314 525
359 525
314 359
314 718
314 1037
718 1037
1108 1319
1319 1440
1053 1108
1053 1114
1053 1319
115 1193
1193 894
836 1467
836 989
989 1467
836 1193
115 836
671 836
671 1193
883 1467
41 883
625 883
883 989
1230 1425
132 1230
503 1230
1230 1327
937 1230
995 1261
808 995
995 1158
195 717
717 1365
770 1071
1071 172
172 770
770 1331
717 770
717 1331
770 195
178 300
300 656
178 656
300 1331
300 717
300 1365
300 1186
125 178
125 1410
125 487
487 1410
125 1160
125 874
874 1160
125 656
814 1160
93 814
211 814
529 814
814 874
745 814
350 838
838 893
50 653
653 1353
50 1353
475 1344
475 516
516 1344
475 653
247 475
247 653
50 475
50 516
1346 1492
1147 1346
1147 1492
1285 1344
516 1285
1285 809
809 1344
1156 1158
551 1156
995 1156
150 564
564 665
150 665
150 544
150 1150
1150 544
150 334
150 1252
665 1252
504 796
558 796
564 796
666 796
665 796
188 328
188 778
188 463
463 778
188 1157
463 1157
664 961
664 772
7 622
347 622
7 347
347 1264
513 1264
347 513
733 901
733 1212
605 733
733 1077
603 733
194 463
194 1157
400 603
400 845
400 820
820 1212
400 1212
400 733
314 668
668 718
525 668
668 1212
668 820
923 924
924 976
253 575
253 369
48 253
48 369
253 976
253 924
891 924
159 891
159 924
891 923
135 1121
1121 1496
694 1121
1121 1182
939 1121
197 1122
197 922
197 868
868 922
436 868
197 436
126 197
197 657
523 1474
427 523
436 523
523 868
16 523
523 1437
868 1437
48 357
357 369
48 513
357 513
362 1270
362 1077
362 1259
155 661
507 661
661 1456
507 1456
661 956
956 1456
446 661
661 729
104 1454
104 1456
1454 1456
956 1454
1276 1454
967 1454
967 1276
45 933
45 1280
45 100
100 1280
45 714
45 240
45 1405
240 1405
933 1405
713 796
665 713
666 713
666 870
713 870
788 1236
692 788
83 788
278 788
130 1316
626 1316
92 1316
92 626
1316 1426
1316 1464
101 1316
130 750
702 750
750 788
278 750
157 1087
157 624
157 1305
157 1044
1044 1305
157 379
218 1485
218 424
218 1495
218 346
218 821
218 1427
1427 1495
274 940
940 1044
274 1044
157 274
274 1087
274 1348
1240 1407
789 1240
789 1407
940 1407
940 1240
442 1240
442 789
493 1240
442 493
1246 1484
851 1246
851 1484
858 1246
23 1246
87 1476
30 1476
30 87
257 1476
502 1476
87 257
383 800
30 383
30 800
800 1476
248 800
248 383
800 1191
248 1191
131 514
131 482
131 1495
131 1427
199 807
807 1305
1191 1461
135 1191
135 1461
514 1461
248 1461
383 552
213 552
213 383
248 552
811 992
811 725
725 992
461 74
74 1223
461 1223
74 332
332 1223
383 430
213 430
30 430
24 332
332 1361
24 1361
925 1311
267 1311
87 304
30 304
304 430
430 1106
304 1106
304 456
456 1106
304 958
87 958
456 958
225 1447
225 715
225 1062
225 1182
225 629
225 976
368 1062
368 923
368 903
368 501
368 1180
19 704
124 704
19 124
674 704
704 774
27 704
819 1116
238 1116
238 819
819 1489
27 819
1034 1116
1116 1452
1034 1452
1034 1332
997 1034
238 1034
129 1083
1083 1452
129 1452
1034 1083
1083 997
1392 1489
774 1392
666 1392
870 1392
291 1392
107 735
107 756
107 1033
107 736
107 822
736 822
473 1032
473 1204
473 1099
2 473
473 1076
595 1130
579 595
595 1470
857 1470
595 857
595 1386
476 1470
476 1137
1137 1470
476 1080
476 595
476 579
476 786
786 1080
777 1020
322 777
322 1020
490 777
777 786
777 1080
777 863
966 1390
49 1390
942 1390
952 1390
837 1390
1148 1390
1017 1052
453 1017
273 784
784 1272
784 1301
1272 1301
183 1272
183 1113
183 1301
183 1036
183 985
672 1360
72 1360
72 672
534 930
534 647
534 1192
930 1192
1192 1469
534 1469
3 1469
3 1067
3 1014
1014 1067
3 534
3 912
448 1290
448 1487
448 1014
49 448
448 1067
1124 1488
458 1488
458 1124
118 1124
812 1124
208 1124
1124 1339
884 1214
458 884
884 1488
443 884
884 1232
651 884
494 873
873 1376
873 1362
873 1287
1287 1362
453 873
1092 1433
517 1092
637 1092
1051 1092
433 1433
433 1086
433 1092
433 1177
433 1051
1051 1177
1099 1136
1099 1370
1136 1370
1136 1439
706 944
706 1233
451 706
706 880
1168 1358
699 1358
381 1358
944 1358
706 1358
151 1166
517 1166
1092 1166
637 1166
409 1208
239 409
239 1208
260 409
409 1049
409 1345
260 1345
239 1345
376 1046
1046 1208
1032 1046
556 1046
556 1032
271 1046
271 556
1046 1047
271 1047
239 1046
239 1047
271 1155
1047 1155
272 1063
684 1063
767 1063
202 1063
794 1063
59 1063
623 1093
623 867
623 1265
867 1265
623 1059
557 623
623 691
557 691
691 1093
434 691
691 1217
340 691
234 560
560 1174
234 1174
234 615
232 234
234 242
560 565
565 1174
113 565
154 565
477 565
179 690
179 652
179 560
179 565
179 477
179 1085
929 1048
222 929
222 1048
1035 1048
145 1048
1048 1257
450 1048
365 929
614 365
222 365
365 539
331 758
171 758
171 331
331 839
758 839
685 904
685 1162
171 685
171 904
112 358
358 495
358 1225
358 974
94 583
375 583
583 974
583 659
583 1066
163 577
163 541
541 577
281 577
232 1021
1012 1021
488 1021
488 1012
538 588
538 914
588 914
576 588
588 1189
588 1277
576 1189
187 318
318 594
18 318
123 318
175 318
335 871
371 871
110 871
538 871
871 914
261 928
165 928
928 1189
28 928
576 928
411 918
411 576
411 1300
918 1300
28 411
411 928
343 726
343 907
226 343
343 1030
343 395
226 395
226 344
344 395
344 416
344 1379
344 719
292 753
292 440
440 753
292 743
292 878
292 1413
527 753
440 527
527 572
527 1054
416 527
326 753
326 395
326 343
326 1030
326 878
292 326
245 681
245 452
245 344
245 416
245 719
335 1313
1054 1313
452 1313
527 1313
416 1313
245 1313
649 1271
631 1271
1271 1414
720 1271
176 1271
46 663
662 663
663 951
554 663
647 663
46 1075
635 1075
176 1075
909 1075
892 1075
169 176
169 1075
364 1325
364 791
791 1325
364 803
791 803
364 1079
364 1265
364 867
620 1387
269 620
620 1497
620 804
620 1382
804 1382
276 601
276 1497
209 276
276 299
209 299
276 496
496 601
209 496
385 1183
385 1172
385 601
414 776
414 634
337 414
414 973
414 1458
483 1289
293 483
293 1289
1002 1289
483 1002
264 483
264 293
483 964
1104 1151
973 1104
973 1151
441 1151
209 1210
299 1210
1104 1210
1151 1210
198 1210
198 209
398 1210
198 398
398 1151
345 1104
345 401
345 561
345 973
345 634
345 414
1045 1372
1045 1457
1045 302
138 389
389 1430
138 1430
138 983
302 138
389 1294
389 1431
1294 1431
1294 1491
1431 1491
980 1294
198 747
398 747
372 747
198 372
9 1120
9 201
201 1120
747 1120
372 1120
9 747
1127 1435
1144 1435
1127 1144
201 1127
9 1127
6 1450
606 1450
285 1239
219 1239
521 1239
937 1239
1230 1239
1239 1425
338 1239
99 1435
791 1435
99 791
99 803
99 1144
139 650
139 813
139 738
139 1026
110 139
298 871
298 914
110 298
298 918
298 333
333 918
977 1229
444 977
333 977
730 977
977 1300
918 977
182 342
104 342
104 182
883 1234
41 1234
625 1234
766 1282
353 1282
1078 1282
230 1084
189 230
230 766
230 1282
230 1308
1282 1308
355 991
991 1020
322 991
991 1384
991 1312
162 991
162 355
162 1312
816 31
31 410
410 816
31 1312
31 162
636 824
824 1475
410 824
636 1466
1462 1466
133 1466
721 1466
824 1466
133 824
1118 1466
283 979
881 979
755 979
524 587
587 994
14 393
14 1190
14 1408
14 741
14 1039
14 1227
1227 1039
741 1039
265 852
119 852
96 852
852 1298
1298 119
286 852
852 1139
644 834
29 644
349 644
418 644
644 954
644 739
284 1338
396 1338
284 396
526 1041
967 1041
901 1041
1041 1276
1037 1041
1037 1276
718 1041
535 1276
535 1037
535 1441
419 1441
419 535
535 913
913 1441
913 1037
314 913
359 913
525 827
359 827
484 525
484 827
827 1440
827 1319
32 989
32 1369
32 836
32 1220
32 115
20 32
1013 1470
1013 1137
857 1013
415 1328
415 1353
1328 1353
15 415
114 415
15 114
50 415
15 50
555 838
555 893
247 555
247 838
275 1481
275 1148
275 1432
275 952
952 1432
275 1390
1346 1486
350 1346
350 1486
838 1486
809 1486
1344 1486
1147 1486
809 1147
1096 1328
1096 1353
81 1096
952 1096
1096 1432
1131 1492
1492 268
268 1131
1131 1346
1131 1273
1126 1131
350 1131
1406 530
1109 1406
103 630
103 407
407 630
530 279
279 1003
1213 1285
516 1213
15 1213
15 407
407 1213
50 1213
103 953
407 953
953 1213
959 1105
293 959
293 1105
959 1289
561 566
566 641
264 566
293 566
566 1105
1218 1415
40 1218
1195 1218
551 1218
1156 1218
12 1460
12 1394
12 1137
668 826
820 826
525 826
484 826
325 328
325 336
188 325
325 484
325 826
772 855
778 855
664 855
463 855
106 252
106 159
159 252
106 347
106 513
7 106
7 252
1043 235
116 235
116 1043
1202 1292
454 1292
454 1202
449 1043
116 449
63 449
63 116
63 622
449 622
449 1292
1292 1043
231 508
508 1206
231 1206
144 231
144 1206
508 818
818 1206
194 818
194 1206
559 1264
1171 1264
559 1171
168 559
168 1264
231 559
231 1171
144 559
559 845
144 845
144 316
316 1206
194 316
316 1157
589 924
159 589
106 589
253 589
48 589
513 589
392 1202
392 454
780 915
915 1176
891 938
801 891
801 938
44 938
44 801
44 252
252 938
159 938
481 891
481 801
481 1018
481 501
501 1018
801 1018
368 481
481 923
357 1337
513 1337
1264 1337
168 1337
1259 1337
357 1259
1337 1438
592 936
592 1437
592 1374
592 1270
362 592
790 922
369 790
357 790
790 1259
362 790
277 1454
104 277
182 277
277 419
182 419
277 1276
277 535
1373 1405
240 1373
107 1373
822 1373
735 1373
374 1373
1082 1154
822 1082
822 1154
1154 1373
1154 1405
713 798
798 870
736 798
798 822
798 1082
932 1316
101 932
130 932
932 1236
788 932
750 932
563 787
702 787
702 563
750 787
787 1329
278 787
1329 687
687 787
1367 1407
267 1367
267 1407
1311 1367
746 940
746 1044
746 1407
267 746
263 746
442 542
542 789
493 1027
164 1027
164 493
1027 1240
1027 1348
274 1027
940 1027
1246 1480
23 1480
611 1480
203 1480
617 1480
972 1121
694 972
502 972
972 1476
800 972
972 1191
135 972
199 773
773 955
688 773
71 773
180 807
180 1305
180 1044
180 746
180 263
773 860
71 860
860 1427
131 860
552 1385
213 1385
925 1385
263 1385
910 992
725 910
39 910
39 992
332 600
600 1361
74 600
430 655
655 1106
24 655
24 1106
213 655
811 969
969 992
24 833
833 1106
456 833
833 1169
456 1169
833 1361
24 319
319 332
319 1223
319 1311
1223 1311
319 655
456 1115
1115 1169
958 1115
990 1115
958 990
1115 1146
990 1146
111 990
111 1146
111 1471
990 1471
639 1040
639 1024
257 639
19 571
124 571
111 571
19 111
571 1471
704 722
27 722
19 722
754 1032
556 754
473 754
754 1099
754 1370
1017 1095
453 1095
873 1095
1095 1287
457 1095
457 1287
784 864
72 784
72 864
864 1301
784 1088
72 1088
672 1088
273 1088
1088 1269
1269 672
5 1088
439 1289
439 1002
439 1028
1002 1028
850 1136
850 1439
381 1136
381 850
850 880
850 1358
706 850
381 710
89 710
710 1136
710 1051
710 1370
710 1177
1177 1370
151 1248
256 1248
1166 1248
1248 1250
1248 1389
698 1248
637 1248
405 409
405 1049
405 1208
405 425
405 841
405 1262
433 1094
1086 1094
1094 1155
1086 1155
1094 1177
271 1094
1161 1215
1086 1161
1155 1161
875 1063
794 875
59 875
615 875
875 1012
234 1133
232 1133
242 1133
331 1133
242 331
839 1133
191 758
191 839
781 1479
1257 1479
904 1479
171 1479
758 1479
1112 1482
1162 1482
685 1482
462 1482
597 1482
597 685
1178 1482
331 889
171 889
685 889
597 889
242 889
690 889
281 890
495 890
358 890
890 974
500 1254
1066 1254
212 1254
577 1444
541 1444
59 1356
212 1356
716 1356
212 716
875 1356
1012 1356
488 1356
488 716
1021 1098
232 1098
1098 1133
839 1098
588 737
538 737
123 737
318 737
187 737
737 1277
887 1271
887 1414
460 887
169 887
176 887
3 88
88 912
88 534
88 951
88 663
88 647
1064 1303
152 1303
75 1303
152 75
1055 1406
1055 1418
1418 1406
1055 1109
185 545
545 804
959 1097
1097 1105
276 947
947 1497
299 947
620 947
401 947
947 1382
60 385
60 1183
60 243
60 604
483 886
886 964
886 930
886 1192
886 1002
60 580
580 604
1266 1417
1101 1266
80 1266
960 1073
612 1073
1073 1294
612 1294
389 1073
1073 1430
421 1120
201 421
421 1450
1450 540
421 540
6 421
865 1127
865 1435
9 865
949 1151
398 949
441 949
678 949
949 1351
678 1351
237 1435
237 791
237 1325
237 865
865 1351
237 1351
237 387
198 489
372 489
489 742
496 742
489 496
209 489
52 1198
540 1198
540 52
742 1016
496 1016
601 1016
385 1016
762 1294
762 980
762 1144
99 762
612 762
762 803
282 1026
241 282
139 282
282 333
282 298
110 282
251 507
251 1456
104 251
251 342
76 984
76 1335
984 1335
342 586
182 586
586 984
342 984
76 586
586 707
707 76
582 724
581 582
581 724
230 582
189 582
724 1308
582 1308
824 1443
133 1443
816 1443
410 1443
979 1321
283 1321
1167 1321
511 1434
511 994
511 587
511 705
14 296
296 1408
296 1011
1011 1227
296 1227
741 905
250 905
1039 905
1238 1338
396 1238
1238 1441
419 1238
396 1441
182 1238
284 760
284 731
731 760
760 1338
621 913
359 621
621 1441
396 621
438 827
438 1319
359 438
900 1053
900 1319
438 900
900 1200
438 1200
33 520
33 866
866 520
33 1261
415 917
917 1328
114 917
917 1028
114 1028
555 842
842 893
842 1472
842 1481
842 1432
555 1432
275 842
653 1153
247 1153
555 1153
1153 1432
1096 1153
1153 1353
77 1486
77 1344
77 838
77 247
77 475
630 1251
407 1251
15 1251
114 1251
630 1380
1380 103
630 1003
1003 1380
279 1380
65 1213
65 1285
953 65
200 1218
200 1156
12 200
12 1156
200 1195
200 1394
428 1156
428 995
12 428
428 1013
428 1137
325 1226
826 1226
820 1226
188 1226
1157 1226
855 856
463 856
194 856
818 856
44 1422
801 1422
1018 1422
7 303
252 303
44 303
235 478
116 478
63 835
63 1171
835 1171
622 835
347 835
835 1264
435 622
7 435
435 449
303 435
303 454
435 454
435 1292
818 1453
508 1453
478 1453
478 508
856 1453
1069 1453
856 1069
144 1322
845 1322
316 1322
400 1322
971 1381
780 1381
915 1381
95 1381
95 915
1187 1381
95 1187
66 915
1176 66
592 609
609 1437
362 609
609 790
609 922
609 868
323 1154
323 1082
323 402
402 1082
323 751
323 499
1296 1405
933 1296
1154 1296
323 1296
498 1296
499 1296
703 713
665 703
703 798
703 1252
402 703
703 1082
196 542
196 789
542 307
196 307
196 1407
196 1367
459 542
442 459
1401 1480
1246 1401
1401 1484
1484 896
896 1401
180 1241
263 1241
807 1241
1241 1385
552 1241
26 131
26 514
26 860
26 1461
68 910
39 68
413 910
725 413
391 969
391 811
600 391
391 1361
356 833
356 1361
356 391
356 969
969 1169
356 1169
319 616
616 655
213 616
616 1311
616 925
616 1385
1115 1419
1169 1419
969 1419
1146 1419
39 1419
992 1419
68 214
68 233
214 233
39 214
214 1419
214 1146
111 1368
19 1368
722 1368
233 1368
233 722
214 1368
1146 1368
573 990
573 958
87 573
257 573
573 1471
573 639
639 1471
571 728
124 728
675 728
728 1436
728 1357
722 1110
233 1110
819 1110
1110 1116
27 1110
1095 1199
1017 1199
457 1199
864 1199
864 1017
864 872
872 1017
183 872
872 985
872 1301
872 1052
727 768
768 1003
630 768
959 963
963 1289
439 963
768 963
439 768
727 963
1132 1177
1132 1370
1094 1132
271 1132
754 1132
556 1132
532 1047
239 532
1345 532
532 1155
532 1161
70 781
70 805
70 1479
70 390
390 805
70 758
70 191
191 390
388 583
388 974
388 890
388 1066
388 1254
640 716
212 640
640 1444
716 1444
640 1254
577 640
716 1129
488 1129
1129 1444
158 1021
158 488
158 1129
191 1343
1343 390
1414 1468
25 1468
887 1468
460 1468
1423 1468
1023 1468
75 378
75 1418
378 1418
378 1055
569 1055
378 569
378 1303
545 1245
569 1245
545 569
378 1245
1245 1303
185 1245
1064 1245
1097 1383
959 1383
1109 1383
727 1383
963 1383
480 1055
480 569
480 1109
480 1383
480 1097
509 1382
509 641
509 804
509 545
515 886
515 1192
515 917
515 1028
515 1002
60 1336
385 1336
580 1336
1016 1336
173 1336
173 580
844 1045
844 1457
80 844
1266 844
399 747
9 399
399 865
399 1351
399 949
398 399
237 1448
387 1448
1351 1448
678 1448
229 1448
793 1120
372 793
793 1198
742 1198
742 793
489 793
137 251
137 507
137 582
137 581
137 189
984 1224
1224 1335
1224 1449
1335 1449
36 251
36 342
36 984
36 137
36 581
36 1224
581 1224
109 724
109 1308
1078 1205
1004 1205
625 1205
1205 1234
85 1397
41 1397
1234 1397
1145 1443
133 1145
1145 1219
79 1145
250 1145
432 1321
432 1167
943 1321
943 979
705 1022
810 1022
511 1022
1022 1409
810 1409
587 1022
683 1408
683 1167
296 683
432 683
432 1286
683 1286
683 1011
1286 1011
531 1443
531 816
905 531
250 531
531 1145
1050 1238
1050 1338
586 1050
707 1050
182 1050
621 1056
396 1056
284 1056
438 602
602 1200
602 1056
1056 1200
602 621
359 602
82 1013
82 857
33 82
33 1013
82 520
520 1243
82 1243
82 1000
420 428
420 995
420 1261
33 420
420 1013
47 856
1069 47
47 855
47 664
518 1422
518 568
568 1422
518 1018
697 1422
44 697
392 697
454 697
568 697
392 568
303 697
63 945
116 945
478 945
945 1171
231 945
508 945
478 543
235 543
543 1453
543 1069
1309 1322
316 1309
1157 1309
1226 1309
820 1309
400 1309
1058 1284
501 1284
1018 1284
1187 1284
95 1284
518 1284
95 518
196 522
522 1367
461 522
522 1223
307 522
307 461
522 1311
590 1480
590 611
590 1401
493 590
164 590
26 1119
1119 1461
1119 1241
807 1119
248 1119
552 1119
68 998
910 998
413 998
413 129
129 998
998 1452
728 1123
571 1123
639 1123
1040 1123
1123 1357
1123 1471
136 1110
136 233
136 998
136 1452
136 1116
68 136
457 1421
1360 1421
1360 457
1199 1421
72 1421
864 1421
348 1251
348 630
348 768
348 1028
114 348
348 439
51 388
51 1254
51 640
51 577
51 890
51 281
58 1444
541 58
58 1129
1098 1317
1021 1317
158 1317
158 999
999 1317
480 934
569 934
934 1097
545 934
509 934
515 877
877 917
877 1328
367 877
877 1192
877 1469
90 1336
90 1016
90 1198
90 742
90 173
52 90
52 173
140 421
140 1120
140 793
140 540
140 1198
848 1282
848 1308
109 848
848 1078
109 1424
848 1424
848 1205
127 943
127 979
127 587
587 943
127 524
127 755
432 1100
1100 1321
943 1100
1100 1286
341 1100
341 1286
204 943
204 587
204 1022
204 1409
1409 341
204 341
204 1100
533 1050
533 707
533 1338
760 533
56 779
216 779
216 56
667 779
779 1114
779 1053
900 1175
1053 1175
779 1175
56 1175
66 377
377 915
95 377
377 518
377 568
1401 1446
896 1446
590 1446
459 1446
896 459
442 1446
493 1446
193 1119
193 807
26 193
193 199
193 773
193 860
158 1398
1129 1398
58 1398
1398 999
1297 1317
999 1297
1235 1343
191 1235
1235 1317
1098 1235
1235 1297
1297 1343
839 1235
22 934
22 509
22 566
22 641
22 1105
22 1097
848 1393
1393 1424
1205 1393
1234 1393
1393 1397
1397 1424
11 109
11 1424
11 1397
109 843
724 843
843 1288
843 1449
1449 1288
11 843
11 1288
843 1224
581 843
900 1179
1179 1200
1175 1179
377 467
66 467
467 392
467 568
1397 1494
1494 85
11 1494
1288 1494
598 1056
598 1200
598 1179
598 752
752 1179
752 731
598 731
284 598
1400 752
1179 1400
1175 1400
56 1400