0 1 2
3 4 5
6 7 4
8 9 0
10 11 12
13 14 15
16 17 18
19 20 21
22 3 19
23 24 25
26 27 28
29 26 14
30 31 32
33 34 35
33 36 31
37 8 38
39 40 41
42 43 44
45 46 47
48 49 50
51 52 53
54 55 52
54 56 57
58 59 60
61 62 63
64 65 66
67 68 69
70 71 72
70 69 13
73 74 68
73 75 76
77 78 17
79 80 78
81 82 79
83 84 85
86 87 88
86 89 90
91 90 92
93 94 95
96 35 97
98 99 36
100 92 101
102 103 89
104 101 103
104 105 106
107 108 109
110 111 112
113 114 111
115 25 116
117 118 115
119 120 121
119 122 123
124 125 126
124 127 128
129 130 131
132 133 134
135 132 136
137 138 139
140 135 137
140 141 142
143 139 144
145 146 147
148 149 146
150 151 152
153 154 155
156 157 158
159 160 161
162 163 164
165 164 46
166 167 168
169 168 1
170 169 171
172 173 174
175 45 173
172 42 176
177 176 166
178 179 175
177 170 178
180 181 182
183 184 185
186 187 49
186 188 184
189 190 188
191 189 48
192 193 190
194 182 195
191 196 194
197 198 199
197 185 200
201 200 193
201 202 203
204 205 55
206 207 208
209 208 210
209 211 212
213 214 215
216 210 217
216 218 219
220 221 222
220 223 224
225 226 227
223 225 58
228 229 230
231 232 228
233 234 138
235 236 234
237 238 11
235 237 65
239 29 240
241 240 74
242 243 7
244 245 246
244 247 248
249 250 251
252 253 254
255 136 256
257 258 238
257 233 255
259 260 261
262 263 264
265 266 267
268 259 266
269 270 271
272 273 274
275 276 277
278 277 87
279 280 275
281 282 283
279 284 282
285 91 286
287 288 289
287 290 291
292 291 284
292 278 285
293 294 34
295 296 294
295 297 298
297 299 300
301 302 303
304 305 306
307 98 308
309 310 311
309 308 96
312 311 313
314 315 316
314 317 318
319 313 315
320 316 321
320 322 323
324 106 322
325 321 310
326 327 317
328 329 229
330 331 332
333 261 334
335 336 337
335 338 339
340 341 342
343 344 263
345 102 346
347 348 349
347 350 351
352 353 354
355 356 357
355 352 350
358 359 360
358 361 362
363 364 365
366 367 368
369 370 371
372 368 373
374 375 376
377 378 375
377 379 372
380 381 382
383 384 381
385 386 387
388 389 390
391 392 393
391 394 395
396 397 398
399 112 400
401 93 402
403 402 110
401 404 405
406 400 407
406 408 409
410 411 370
412 413 411
414 415 416
417 418 413
419 420 421
422 423 424
425 426 427
428 429 430
425 422 428
431 432 433
434 435 384
436 203 437
438 439 440
436 440 198
441 442 329
443 444 445
446 445 447
446 448 449
449 450 451
452 453 397
454 455 453
454 456 457
458 459 460
458 457 461
462 463 464
465 466 467
465 468 129
469 470 471
472 473 470
474 475 476
472 474 120
477 478 479
480 481 130
482 483 484
482 480 485
486 126 487
488 489 127
490 491 492
490 493 494
495 128 496
497 498 80
497 499 500
501 502 125
503 504 502
505 506 133
505 142 507
508 144 509
510 509 236
511 512 27
513 514 512
513 510 64
515 147 516
517 518 118
519 520 145
521 522 9
520 521 523
524 171 522
525 526 149
525 150 527
528 516 526
528 529 518
529 530 23
527 531 530
532 148 533
533 523 534
535 536 40
537 538 536
537 534 37
535 539 540
532 540 151
541 542 543
541 544 159
545 546 547
548 549 157
550 551 552
553 156 550
554 555 556
557 165 558
559 558 179
560 561 562
560 563 557
564 565 566
567 566 181
567 568 569
570 571 565
572 195 571
572 573 192
574 575 576
573 574 202
577 578 575
577 570 221
579 580 211
581 582 580
583 584 56
579 219 584
583 51 585
581 585 214
586 318 587
586 588 319
589 590 591
588 589 592
593 217 594
595 596 231
595 597 598
599 600 601
602 598 603
602 604 593
605 603 606
605 607 608
609 60 610
611 610 612
611 613 614
614 615 616
617 224 618
619 616 620
619 618 609
620 621 622
623 622 624
617 623 578
625 626 627
628 241 629
630 631 239
632 511 631
632 633 508
634 630 628
633 635 636
634 637 635
638 639 640
641 248 639
638 242 642
643 77 644
644 645 646
647 646 648
649 647 245
650 651 652
653 648 654
655 656 645
657 655 16
658 657 659
660 652 661
662 661 663
664 665 666
664 667 668
669 670 671
672 673 674
675 676 677
678 679 680
681 476 682
683 684 681
683 685 483
686 677 685
687 688 475
687 469 689
689 479 690
691 690 250
692 249 693
692 694 695
696 697 698
699 700 701
702 703 22
704 702 705
706 707 708
709 710 499
707 709 82
711 712 260
713 714 359
715 716 717
718 717 719
720 721 722
720 723 715
724 725 268
726 727 728
729 271 727
730 726 262
730 731 732
733 732 721
733 718 729
734 719 735
736 265 737
734 737 269
738 739 740
741 742 743
744 745 742
746 747 744
748 749 750
750 751 752
753 300 754
748 754 305
755 281 756
757 758 716
759 757 760
761 762 84
763 764 765
766 767 768
769 770 771
772 773 751
769 289 773
774 771 775
775 776 777
778 283 779
774 779 290
780 264 781
782 783 784
785 786 787
785 788 782
789 286 790
791 790 792
791 298 793
789 794 288
795 752 794
795 793 753
796 797 100
798 792 797
799 325 800
799 796 324
800 97 801
798 801 296
802 293 803
803 30 804
805 804 806
802 807 299
808 306 807
808 805 301
809 810 811
812 813 810
814 815 307
816 592 817
814 312 816
818 323 819
820 326 818
820 821 822
823 824 338
825 328 826
825 827 828
829 830 831
829 832 833
834 835 712
834 713 836
837 838 839
840 334 841
840 839 842
843 841 835
844 845 846
847 433 848
847 849 838
850 848 851
850 844 852
853 846 854
855 337 856
857 858 859
860 861 333
862 267 861
863 864 865
862 865 270
866 340 867
868 869 870
871 872 873
874 875 341
876 343 877
878 879 858
879 880 864
877 728 880
881 882 883
884 878 882
884 885 876
881 873 886
887 886 888
887 889 885
890 891 892
893 894 276
895 893 783
896 897 898
899 896 900
901 902 903
904 905 872
904 874 906
907 908 909
907 351 910
911 360 908
912 913 356
912 349 914
915 916 917
915 109 918
919 918 920
921 919 361
922 923 367
922 363 924
925 926 927
928 929 418
928 414 930
925 930 931
932 933 364
932 366 934
935 373 936
937 938 939
940 941 394
942 374 941
943 944 945
946 393 947
948 947 949
950 951 379
952 934 951
953 943 954
953 950 942
954 955 956
952 956 957
958 959 960
961 945 959
962 963 964
958 380 963
965 385 966
967 434 968
969 968 970
969 948 965
971 949 972
971 973 386
974 975 388
976 376 977
978 395 976
979 980 389
981 398 982
981 983 555
984 985 396
986 987 988
986 984 554
989 990 991
992 451 990
993 117 994
992 994 443
995 416 996
997 996 420
998 999 1000
1001 1000 491
1002 1003 408
1002 1004 1005
1006 1005 412
1007 421 1008
1009 1010 1004
1007 1011 114
1009 407 1011
1012 1008 415
1012 417 1010
1013 1014 1015
1013 1016 1017
1018 1019 1020
1021 1022 933
1021 957 1018
1023 1024 1025
1026 1020 1027
1028 1029 1024
1030 1031 1032
1033 419 1034
1035 1036 1037
1035 155 1038
1033 1038 1039
1040 95 1036
1034 113 1040
1041 427 1042
1043 1027 1044
1045 1044 1046
1045 1047 1041
1048 1049 1050
1047 1050 423
1051 1052 1053
1054 1055 1056
1054 1057 1051
1057 1058 432
1059 964 1060
1059 1061 1049
1062 920 1063
1064 1065 435
1066 1067 1068
1069 1064 1070
1069 1071 1067
1072 1073 1074
1075 1076 1077
1078 1079 1076
1078 1080 1071
1075 1081 1082
1083 1084 1085
1086 1077 1084
1087 1088 621
1089 1090 1088
1091 1092 615
1093 1087 1092
1093 1094 1095
1096 1091 1097
1098 437 1099
1100 1101 1090
1102 624 1101
1099 576 1102
1103 1104 1105
1106 1105 438
1107 1106 1098
1107 1100 1108
1109 1110 1111
1112 1113 1114
1112 1115 1116
1117 1118 1119
1120 1121 331
1122 828 1121
1123 441 1122
1124 1120 1117
1125 1126 597
1125 230 1127
1128 1129 1130
1131 1116 1129
1131 1132 1133
1132 1134 442
1135 1127 1134
1135 1128 1136
1137 1130 1138
1139 1140 1141
1142 447 1143
1144 452 1145
1146 460 1147
1148 1149 1150
1148 461 1151
1152 390 1149
1152 1153 1154
1155 1156 1153
1155 1151 1157
1158 1159 1160
1161 464 1162
1163 1154 1164
1165 1164 1166
1167 1168 1169
1167 974 1163
1170 1162 1168
1170 1165 1158
1171 1166 1172
1173 1172 1156
1174 1175 450
1173 1176 1175
1177 1178 1179
1177 1180 1181
1182 1183 1184
1182 1185 462
1186 1184 1187
1188 1189 468
1190 485 1189
1191 121 1192
1190 1192 684
1193 484 1194
1195 1194 676
1195 680 1196
1197 1198 1199
1200 1199 141
1201 636 1202
1201 1200 143
1203 1204 1205
1206 1207 1204
1208 131 1209
1210 1209 1211
1212 1210 1207
1213 1214 1215
1216 1217 1218
1216 1219 1214
1220 409 1221
1222 1223 1224
1225 1226 399
1222 1225 1220
1227 1224 1228
1229 1230 404
1229 403 1231
1227 1231 1226
1232 1233 1234
1235 1232 998
1236 1237 1233
1238 1239 489
1240 1241 1219
1242 1243 486
1244 488 1243
1245 1242 1197
1245 1202 1246
1247 1248 1249
1247 1215 1250
1251 1250 1241
1251 1238 1252
1253 1254 466
1255 1256 493
1257 1255 1258
1259 494 1260
1261 1262 1263
1261 1001 1259
1264 1265 495
1266 1267 1268
1269 1270 1267
1269 1271 1256
1272 1273 1274
1275 18 1276
1277 1276 498
1278 1279 1280
1278 1281 503
1282 517 1283
1284 1283 993
1284 989 1285
1286 1287 1288
1288 153 1289
1290 1291 1292
1286 1292 544
1293 1294 546
1293 548 1295
1296 545 1297
1298 1299 1300
1296 1298 549
1301 1302 162
1303 1301 563
1302 1304 1305
1306 988 1304
1307 1308 524
1309 559 1308
1309 1310 561
1307 519 1311
1312 1313 1314
1315 1314 226
1312 1316 61
1317 569 1316
1315 222 1318
1317 1318 564
1319 594 1320
1319 1321 596
1322 1323 1321
1324 1320 207
1324 1325 1326
1322 1326 1327
1328 1329 1330
1331 599 1329
1332 1333 1137
1334 1335 1336
1332 1141 1335
1337 1338 1339
1340 1334 1337
1341 608 1342
1343 57 1344
1345 1344 218
1341 1345 604
1346 1347 613
1348 1349 1350
1348 1097 1347
1351 1352 1353
1354 1351 1355
1356 1357 626
1358 1359 1357
1360 1361 1362
1363 1364 1365
1363 1356 1360
1366 1367 1368
1369 1368 1370
1369 1371 1372
1366 1373 1374
1375 642 1376
1377 708 1378
1379 1380 641
1381 1382 643
1381 649 1380
1383 1379 1375
1382 1384 81
1383 1378 1384
1385 654 1386
1385 1387 1388
1389 1386 656
1390 246 1391
1392 1391 653
1393 1394 1395
1396 1397 1398
1396 1393 1399
1400 1401 660
1402 1403 1401
1402 1404 1405
1404 1406 1367
1407 1408 1409
1410 693 1411
1410 1407 1412
1413 251 1414
1415 1414 478
1416 1417 353
1418 1419 1420
1421 1420 1422
1423 1415 1418
1423 1424 1425
1426 1427 83
1428 1426 1429
1430 674 1431
1430 1432 670
1433 668 1432
1434 1435 1433
1436 671 1437
1438 1437 667
1438 1439 1440
1441 1440 1442
1443 1395 1444
1445 1446 1447
1448 1449 1450
1451 682 1452
1451 1450 686
1453 1452 688
1453 691 1454
1454 695 1455
1448 1455 1446
1456 1457 1445
1456 1458 1459
1460 1461 1462
1463 1460 697
1464 696 1465
1466 1467 1468
1465 1469 1466
1464 1470 1471
1472 1468 1473
1470 1472 252
1474 254 1475
1475 1476 1477
1478 1479 1480
1481 1477 1479
1481 1482 1483
1484 1485 699
1485 1486 1487
1488 500 1486
1484 1489 1490
1491 1492 1493
1494 1495 1496
1497 1498 6
1499 1497 703
1500 1376 1498
1500 1501 1377
1502 1503 1504
1505 1504 700
1506 669 1507
1508 1509 1510
1506 1511 672
1508 1512 1511
1513 914 1509
1513 1507 1514
1515 1516 1517
1518 1519 725
1520 909 1521
1522 1521 714
1522 711 1519
1523 1524 1525
1526 738 1524
1523 272 1527
1526 1528 1529
1527 1530 1531
1532 1533 739
1534 1535 1533
1534 1536 747
1537 1538 1539
1540 756 1541
1542 777 1538
1542 1541 778
1543 1544 1545
1545 1517 1546
1547 787 1548
1547 1546 1549
1550 1548 1551
1550 1552 1543
1553 1554 673
1555 1556 1554
1557 1558 736
1559 1560 1561
1559 724 1558
1562 1563 1564
1565 1566 1567
1568 1569 763
1570 85 1571
1569 1571 1572
1573 1568 1574
1575 1576 1577
1578 765 1576
1579 1575 1371
1579 1580 1581
1582 1583 1373
1582 1372 1584
1585 1586 1587
1587 743 1588
1589 1588 1590
1589 1591 1592
1593 1594 1595
1596 1597 1591
1596 1598 1599
1600 1601 1602
1600 1603 1583
1604 1605 1603
1604 1606 1607
1608 768 1609
1610 1609 1598
1611 1612 745
1610 1590 1612
1613 1614 1516
1615 722 1616
1613 1617 1615
1618 781 1619
1620 1616 1621
1622 1621 731
1623 1622 780
1624 1625 755
1625 1626 280
1627 784 1626
1627 1628 786
1629 625 1630
1630 1631 1632
1633 1632 1634
1629 1635 1361
1633 811 1635
1636 812 1637
1638 547 1639
1636 1639 1640
1641 1642 1643
1644 1641 1358
1645 1646 1647
1644 1365 1646
1648 1647 1649
1650 1651 1652
1650 1653 1648
1654 1655 1656
1657 1656 1642
1657 1645 1658
1659 1660 1654
1661 1662 1663
1664 823 1665
1666 854 1662
1666 1665 855
1667 330 1668
1669 1668 832
1669 1670 1671
1672 1671 824
1667 1673 1118
1672 1674 1673
1675 1676 869
1677 1675 1678
1679 1680 1676
1681 826 1682
1683 1682 232
1684 1683 1323
1685 1686 830
1687 1688 1686
1687 1689 1690
1691 1327 1692
1693 1694 1695
1693 1696 1697
1698 1699 1700
1701 1695 1699
1701 1702 1703
1704 1705 1694
1706 836 1707
1707 362 1708
1709 1708 1062
1710 1711 837
1710 843 1712
1713 1714 1052
1713 431 1711
1715 1716 1714
1715 1712 1706
1717 1718 849
1717 852 1719
1720 1721 857
1722 883 1721
1723 1724 1688
1723 1725 1726
1726 342 1727
1728 1727 1729
1730 339 1731
1732 1733 1730
1734 1728 1732
1735 1731 1670
1735 831 1736
1734 1736 1724
1737 1738 1725
1739 1740 868
1739 867 1738
1737 1690 1741
1742 871 1743
1744 1743 1722
1745 1729 1746
1742 1746 875
1744 1747 1748
1749 1748 336
1745 1749 1733
1750 1751 890
1752 1753 1751
1752 1754 1755
1756 1757 1758
1759 346 1760
1760 88 1761
1756 1761 894
1762 1763 1757
1764 899 1763
1762 895 1765
1766 1767 1764
1768 1769 1770
1771 1772 821
1773 1774 1772
1768 903 1773
1769 1775 345
1775 1776 105
1771 819 1776
1777 1778 901
1778 1779 1780
1781 892 1779
1782 888 1783
1784 1783 905
1785 1786 1782
1787 1784 1788
1789 1790 911
1791 921 1790
1792 354 1793
1789 910 1792
1794 1793 1795
1791 1794 916
1796 1797 1798
1796 1799 923
1800 936 1799
1800 1801 937
1802 1803 938
1804 1805 1806
1807 1808 1797
1809 927 1808
1810 1811 1812
1807 924 1811
1810 371 1813
1809 1813 929
1814 1815 946
1816 1817 944
1816 940 1815
1814 970 1818
1819 960 1817
1819 1818 383
1820 1821 1822
1823 1824 392
1820 972 1824
1825 1826 1827
1828 979 1829
1828 1827 1830
1825 1831 978
1832 1833 1834
1835 1836 1837
1838 1839 1840
1841 1842 1843
1841 1835 1844
1845 1147 1846
1845 1847 1848
1849 1850 1851
1852 1830 1850
1853 543 1854
1855 1854 1856
1855 1838 1857
1853 1858 1287
1859 1860 154
1861 1862 1863
1864 1840 1862
1865 1866 1867
1865 1868 1869
1870 1871 995
1870 1872 1873
1874 1873 1875
1874 1867 1876
1877 1876 1878
1877 931 1871
1879 1006 1880
1881 1017 1882
1883 1884 1003
1885 1883 1879
1885 1886 1881
1887 1888 1023
1889 1890 1888
1889 1891 1026
1891 1892 1022
1893 1025 1894
1895 1896 1890
1897 1028 1896
1898 1042 1899
1898 1895 1043
1900 1901 1029
1902 410 1903
1904 1880 1902
1905 492 1906
1907 1908 1254
1907 1258 1905
1909 1234 1910
1910 1911 1912
1913 962 1914
1915 1914 1048
1916 1917 955
1913 1916 961
1917 1918 1019
1915 1046 1918
1919 1920 107
1921 430 1920
1922 1795 1923
1924 1923 1417
1924 1422 1925
1926 1927 1928
1929 1930 1055
1931 1056 1932
1931 1933 1934
1935 1932 1936
1937 1938 1058
1937 1934 1939
1940 1939 1941
1942 851 1938
1940 1943 1942
1944 424 1945
1946 1945 1061
1946 1947 1948
1949 1950 967
1951 1070 1950
1952 1953 1073
1949 966 1953
1952 1085 1954
1951 1954 1079
1955 1956 1065
1957 382 1956
1958 1060 1957
1958 1959 1947
1960 1961 1072
1962 1083 1961
1962 1963 1964
1965 1966 973
1965 1822 1967
1968 1969 1970
1971 1968 1094
1971 1096 1972
1973 1974 1975
1976 1095 1977
1978 1979 1980
1976 1981 1089
1982 1983 1979
1984 1985 1986
1987 1986 1081
1988 1989 1990
1991 1992 1984
1991 1993 1988
1994 1995 1996
1997 1998 1974
1999 2000 1989
2001 1108 2002
2003 2004 2005
2006 2002 1981
2006 1980 2004
2007 2008 1103
2008 2009 2010
2011 2003 2012
2011 2007 2001
2013 1181 2014
2015 2014 2016
2017 1111 2018
2019 2020 2021
2017 2021 2022
2023 1187 2024
2025 2015 2026
2027 2028 1123
2027 1124 2029
2030 2031 1113
2030 1133 2028
2032 2033 2034
2032 2035 1144
2034 991 2036
2037 2036 1176
2037 1157 2038
2035 2038 456
2039 2040 985
2041 1145 2040
2042 1303 2043
2042 2039 1306
2044 2045 1161
2045 2046 1183
2047 2048 1178
2044 1160 2048
2049 2024 2046
2050 2047 2013
2049 2050 2025
2051 2052 1171
2052 2053 1159
2054 1179 2053
2054 2055 2056
2055 2057 448
2051 1174 2057
2058 2059 1142
2060 2056 2059
2060 2061 1180
2062 2063 2061
2064 1186 2065
2066 2067 122
2068 2069 2067
2068 2070 2071
2072 2073 1908
2074 2075 2076
2077 2078 2079
2077 2080 2075
2081 2082 2083
2081 1203 2084
2085 2086 1193
2087 1205 2088
2088 1211 2089
2086 2089 481
2090 2091 2087
2090 2085 2092
2093 2094 1660
2095 2096 2097
2098 1228 2096
2099 1263 2100
2101 1235 2099
2102 2103 1237
2103 2104 1911
2105 1015 2104
2106 2102 2107
2108 2109 2110
2108 2107 2111
2112 2113 1016
2114 2115 2113
2116 2112 2105
2116 2106 2117
2118 1240 2119
2118 2120 1239
2121 496 2120
2121 2122 2123
2124 2125 637
2126 1246 2125
2126 2127 1244
2128 1252 2127
2129 2130 1208
2131 1253 2130
2132 1257 2131
2132 2133 1270
2134 501 2135
2136 2135 1265
2134 2137 1279
2136 2138 2139
2140 2083 2137
2140 2139 1206
2141 1264 2142
2143 1268 2144
2142 2123 2145
2143 2145 2146
2147 1412 2148
2149 2148 2150
2147 2151 694
2152 1447 2151
2152 2153 1458
2154 2155 2156
2157 2158 2159
2160 2161 1275
2162 1277 2163
2164 2160 2162
2165 2166 506
2167 2168 2169
2170 2165 2171
2167 2079 2172
2170 2172 2173
2174 2175 2080
2176 2177 1281
2174 2169 2177
2178 2179 1282
2179 2180 515
2181 2182 1310
2181 1311 2180
2183 2184 553
2185 1295 2184
2186 204 2187
2188 2189 2190
2191 1328 2188
2192 2193 2191
2192 2194 2186
2195 2196 2197
2198 2195 1331
2199 2198 2193
2199 2187 2200
2201 2200 1343
2201 1342 2196
2202 2203 600
2204 2205 2203
2206 1339 2204
2206 2207 2208
2202 2197 2209
2207 2209 607
2210 2211 1340
2212 1136 2213
2211 2213 1333
2210 2208 2214
2214 606 2215
2212 2215 1126
2216 1114 2217
2218 2219 2220
2221 2222 2223
2224 2225 2226
2227 2228 2222
2224 2218 2227
2229 2230 2231
2232 2223 2233
2234 2235 2232
2236 2237 1294
2238 2236 2185
2239 2240 2241
2242 2243 2244
2242 650 2245
2239 2245 1403
2246 1478 2243
2246 2241 2247
2248 1374 2249
2250 1405 2248
2251 2249 1605
2250 2252 2240
2253 2254 1387
2255 2256 2254
2255 2257 2258
2259 1392 2260
2261 2262 2263
2264 2265 2266
2267 2268 1273
2267 2150 2269
2269 1409 2270
2271 2270 1394
2272 2258 2273
2274 1398 2275
2276 2277 2278
2279 2278 2268
2279 2271 2274
2280 2157 2281
2280 2282 2154
2281 1274 2283
2284 2283 2277
2285 2286 1566
2287 2288 1439
2289 2290 2288
2287 666 2291
2292 2291 2286
2293 2294 2295
2293 2285 2296
2297 2298 1556
2299 1428 2300
2301 1431 2298
2301 2300 1434
2302 1441 2303
2304 2303 2305
2304 2306 2307
2302 2308 1436
2309 2307 913
2309 1514 2308
2310 1416 2311
2311 357 2312
2313 2312 2306
2314 1421 2310
2314 2315 1424
2313 2316 2315
2317 2318 2290
2317 2319 2320
2321 2322 1408
2323 1444 2322
2324 2325 678
2325 2326 2327
2328 2329 2326
2328 2330 1457
2330 2331 1449
2324 675 2331
2332 2333 2334
2335 2334 2329
2336 2337 2338
2335 1459 2337
2339 2340 1461
2341 2342 2340
2343 1531 2341
2343 2344 1528
2345 2346 2344
2345 2339 2347
2348 2349 2252
2350 2351 2352
2348 2251 2350
2353 2354 710
2355 1487 2354
2356 1505 2355
2357 2358 1494
2358 2359 2360
2361 704 2359
2362 1499 2361
2362 2363 1501
2364 1496 2365
2366 2367 2356
2368 2369 1617
2370 2371 2372
2369 2373 723
2370 760 2373
2374 1518 2375
2376 1510 2377
2378 2377 348
2374 2378 1520
2376 2379 2380
2375 1561 2379
2381 2382 2383
2384 2383 2371
2384 2368 2385
2385 1515 2386
2387 2388 2389
2387 2390 2391
2392 2393 2388
2392 2394 2395
2396 2397 2398
2399 1537 2397
2399 2400 1540
2401 2402 2403
2404 761 2405
2401 2406 2404
2407 2408 2409
2410 2409 2402
2407 2411 2412
2413 2414 2411
2415 1553 2416
2417 2380 2418
2417 2416 1512
2419 759 2420
2421 2422 2423
2424 2423 1555
2421 2425 2414
2426 2427 2428
2426 2412 2429
2430 2431 2432
2433 2434 2435
2436 2437 2434
2438 2428 2439
2438 2440 2408
2441 2442 2443
2444 1564 2445
2446 2403 2447
2448 2447 2440
2448 2449 2450
2451 2450 2452
2446 2453 2454
2451 2455 2453
2456 2457 1570
2456 1573 2458
2459 1429 2457
2459 2460 1435
2460 2461 665
2458 1567 2461
2462 2463 1565
2464 1581 2465
2462 1574 2466
2464 2466 1578
2467 2468 2469
2470 1602 2468
2471 2472 1594
2470 2471 1606
2473 2474 2475
2476 1595 2477
2476 2475 1597
2478 2479 2480
2481 2482 1585
2481 1592 2483
2478 2483 2474
2484 2485 2486
2487 2488 2482
2487 2480 2485
2489 2490 1593
2491 1607 2490
2491 2492 2351
2492 2493 767
2489 1599 2493
2494 2495 1536
2496 1611 2495
2497 2498 2499
2496 2497 1608
2500 2501 1786
2502 1619 2503
2504 2503 344
2501 2504 889
2505 1037 2506
2507 2508 2509
2510 1289 2505
2510 2509 1290
2511 2512 2513
2514 1652 2512
2515 2506 2516
2515 2511 2507
2517 2516 94
2514 2517 2518
2519 2520 2521
2522 2519 1659
2523 405 2520
2524 2518 2523
2524 2525 1653
2522 1658 2525
2526 1661 2527
2528 2527 1696
2528 1703 2529
2530 2531 1674
2526 2530 1664
2532 2533 1689
2534 2535 1681
2536 2537 2535
2538 2539 827
2540 2538 2537
2541 332 2539
2542 833 2541
2543 2544 2545
2546 2547 1985
2548 2546 2549
2548 2550 2551
2552 1704 2553
2554 2553 2555
2556 2551 2552
2554 1941 2557
2558 2559 845
2560 2558 1943
2561 1663 2559
2562 1697 2561
2560 2555 2562
2563 2564 2565
2566 860 2567
2567 842 2568
2563 2568 1718
2565 859 2569
2566 2569 863
2570 1720 2571
2572 2571 2564
2573 856 2574
2570 2574 1747
2573 2575 853
2572 1719 2575
2576 2577 1740
2578 1678 2577
2579 2580 2578
2576 1741 2581
2582 1750 2583
2584 898 2585
2586 2587 1754
2588 2586 2582
2589 2590 2591
2588 2585 2590
2592 2593 2594
2592 2595 1618
2596 1549 2597
2598 2597 1614
2599 2598 1620
2600 1765 2601
2602 1766 2600
2603 2601 788
2604 2603 2596
2605 2606 1781
2607 2608 2584
2607 2583 2606
2609 2610 2611
2612 2613 1680
2614 2612 2615
2614 2616 2610
2617 1787 2618
2619 2620 2621
2617 2619 1785
2622 2623 2620
2622 2624 2625
2624 2626 2627
2618 2611 2626
2628 2625 2629
2630 1798 2631
2632 1878 2633
2632 2631 926
2630 2634 1801
2635 2633 1866
2636 2637 1821
2638 2639 2637
2638 2640 463
2641 1169 2640
2642 2643 2641
2642 2636 2644
2643 2645 975
2646 1829 2645
2644 1823 2647
2646 2647 1831
2648 2649 2650
2651 2650 1803
2651 1804 2652
2648 2653 1833
2654 2655 2649
2656 939 2655
2656 2657 935
2657 2658 378
2659 1851 2660
2661 1832 2659
2662 2654 2661
2662 2663 2658
2664 977 2663
2664 2660 1826
2665 2666 2667
2667 982 2668
2669 1848 2670
2665 2670 1842
2671 2668 455
2669 2671 1146
2672 1844 2673
2674 2675 983
2672 2674 2666
2676 2677 2678
2676 2679 2680
2681 1846 2682
2681 2683 2684
2685 1857 2686
2685 2687 1858
2688 1859 2687
2689 1039 2690
2691 2690 1860
2692 997 2689
2692 2693 1872
2694 2695 2696
2697 1861 2694
2698 1806 2699
2700 2699 2701
2702 2703 2704
2705 2704 1031
2706 1903 2707
2706 2705 2708
2709 1812 2710
2711 1887 2712
2710 365 2713
2711 2713 1892
2714 2715 1901
2714 2071 2716
2717 1894 2715
2717 2718 2703
2719 2720 1886
2721 2719 1904
2720 2722 1014
2721 2708 2723
2724 2725 1030
2726 2724 2727
2726 1912 2728
2729 2728 2722
2729 2723 2725
2730 917 2731
2732 1919 2730
2733 2731 1922
2732 2734 2735
2736 2735 2737
2738 2737 1927
2739 2740 426
2736 2739 1921
2741 2742 2743
2744 2745 1419
2746 471 2742
2744 477 2746
2747 2743 2748
2749 123 2750
2749 2748 473
2751 1926 2747
2752 1928 2753
2754 2753 2734
2754 2733 2755
2755 1925 2756
2757 2756 2745
2757 2741 2752
2758 2759 1897
2760 2738 2761
2758 1899 2762
2760 2762 2740
2763 2764 2069
2763 1900 2765
2766 2750 2764
2766 2767 2751
2768 2765 2759
2768 2761 2767
2769 2770 1716
2769 1709 2771
2772 1053 2770
2773 1929 2772
2774 1068 2775
2776 1935 2774
2777 2775 1080
2777 1082 2778
2779 1936 2780
2781 2780 1930
2782 1066 2779
2783 1955 2782
2781 2784 2785
2783 2785 1959
2786 2787 2788
2789 2790 2787
2789 2791 2064
2791 2792 1185
2792 2793 2639
2786 1967 2793
2794 1977 2795
2794 2796 1978
2795 1970 2797
2798 2797 2799
2800 1982 2801
2802 2803 2804
2800 2805 2806
2802 2807 2805
2808 2005 2809
2810 2809 1983
2811 2812 1993
2813 1964 2814
2813 2815 1086
2811 1987 2815
2816 2817 2818
2816 2819 2820
2821 2822 2817
2823 1990 2821
2824 2825 2826
2827 2826 1963
2828 2804 2829
2830 2829 1994
2831 2830 2824
2832 2833 2828
2832 2834 2835
2831 2836 2834
2837 1996 2838
2839 2838 1998
2837 2840 2825
2839 1999 2841
2842 2814 2840
2842 2841 2812
2843 2058 2844
2843 2845 2062
2846 2847 2848
2848 2016 2849
2850 2849 2063
2851 2852 2853
2854 2853 2855
2856 2854 2019
2857 2835 2858
2857 2859 2860
2861 2862 2863
2864 2865 2859
2864 2866 2861
2867 2868 2869
2870 2869 1110
2871 2870 2862
2872 2022 2873
2874 2875 2041
2876 562 2877
2874 2043 2876
2878 2877 2182
2878 2178 2879
2875 2880 2033
2879 1285 2880
2881 2882 2883
2884 2883 2790
2881 2885 2868
2886 2887 1191
2888 2066 2887
2886 1188 2889
2888 2890 2070
2891 2892 2718
2891 2716 2893
2894 1032 2892
2895 2896 2894
2897 1906 2898
2899 2072 2897
2900 2898 999
2901 2900 1909
2901 2727 2902
2899 2902 2896
2903 2904 2905
2906 2907 2175
2906 2176 2908
2909 2910 2091
2911 2084 2910
2912 1196 2913
2914 2092 2912
2915 2916 2917
2915 2909 2914
2918 2093 2919
2919 2521 2920
2921 2920 1230
2922 2921 2098
2918 2923 2924
2922 2925 2923
2926 2927 2928
2929 2930 2925
2929 2095 2927
2931 2932 1223
2933 2097 2932
2934 1221 2935
2936 2937 2115
2938 2931 2934
2938 2936 2939
2940 2935 1884
2940 1882 2937
2941 1260 2942
2943 2942 1271
2944 2146 2945
2946 1236 2947
2948 2947 2101
2949 2111 2946
2950 2951 2952
2950 2953 2949
2954 2955 1248
2956 2954 2128
2955 2957 2958
2959 76 2957
2960 629 2959
2956 2124 2960
2961 2129 2962
2962 1212 2963
2964 2963 2138
2961 2965 2133
2966 2144 2965
2966 2964 2141
2967 2968 2969
2970 2971 2153
2970 2149 2972
2973 2974 2975
2973 2338 2971
2976 2159 2974
2972 1272 2976
2977 2975 2978
2979 2980 2981
2982 2983 2979
2982 2978 2984
2985 2984 2158
2985 2156 2986
2987 2988 2155
2987 2989 2990
2990 659 2991
2992 2991 2161
2993 2994 504
2995 2993 2168
2996 487 2994
2995 2171 2997
2996 2998 1198
2997 507 2998
2999 2513 3000
2999 3001 2508
3002 3003 3004
3005 3006 3007
3008 2220 3003
3005 3009 3008
3010 2217 3011
3010 3012 3013
3014 1119 3015
3016 3017 3018
3019 3015 2531
3019 2529 3017
3020 3021 3022
3023 3022 2216
3024 3025 2235
3020 3026 2230
3024 3027 3026
3028 3004 3029
3030 1698 3028
3030 3031 1702
3032 3018 3031
3033 3034 3035
3033 3036 2229
3037 3035 1139
3037 1138 3038
3039 3038 1115
3036 3039 3021
3040 1354 3041
3042 3043 3044
3045 3046 1352
3047 2233 3048
3049 3050 3051
3052 3048 2228
3049 3052 3009
3053 3054 3043
3055 3051 3054
3056 3057 3058
3059 2818 3057
3060 1997 3061
3060 3062 2000
3062 3063 2822
3064 3058 3063
3065 3066 813
3067 1362 3066
3065 1640 3068
3069 3068 2237
3070 1649 3071
3070 3072 1651
3073 2284 3074
3075 3076 2989
3073 3075 2282
3077 1389 3078
3079 2253 3077
3078 658 3080
3081 3080 3076
3082 1388 3083
3084 2260 3082
3085 3083 2256
3086 3087 3088
3089 2266 3090
3091 2263 3089
3091 3086 3092
3093 3094 3095
3096 3097 3098
3099 3095 3100
3101 3100 3102
3101 3103 3104
3105 3106 3099
3107 3108 3109
3110 3109 3111
3112 3113 3108
3114 3115 3113
3116 3117 3118
3116 3119 3120
3121 3118 3122
3121 3110 3123
3119 3124 1397
3123 3125 3124
3126 3111 3127
3128 2273 3129
3128 3127 3115
3130 2295 3131
3132 3131 3087
3133 3134 2289
3133 2292 3130
3134 3135 2319
3132 3090 3135
3136 3098 3137
3138 662 3139
3140 3141 3142
3143 3142 3144
3143 3145 3146
3146 3088 3147
3140 3147 2294
3148 3149 3141
3150 3151 3152
3150 3153 3149
3154 2465 3151
3148 2296 3155
3154 3155 2463
3156 2320 3157
3158 3157 2265
3158 3120 3159
3156 3160 3161
3159 1399 3162
3160 3162 1443
3163 1425 3164
3163 3165 1413
3166 1411 3165
3167 2321 3166
3168 1442 3169
3170 3169 2318
3170 3161 3171
3172 3171 2323
3173 3174 2332
3175 3176 3177
3175 2905 3174
3173 2336 3178
3179 2981 3176
3179 3178 2977
3180 3181 2346
3182 3183 2498
3182 2494 3184
3185 1529 3181
3184 1532 3185
3186 3187 3188
3189 3188 3183
3189 3180 3190
3191 2352 3192
3193 3192 766
3193 2499 3194
3195 3194 3187
3196 3197 2363
3196 2357 3198
3199 706 3197
3200 2353 3199
3201 3198 2364
3201 2366 3200
3202 3203 3204
3205 2365 3203
3206 3202 1491
3205 3207 2367
3206 3208 3209
3207 3209 1502
3210 3211 3212
3213 2445 3211
3214 3215 2382
3216 3214 2390
3216 3212 3217
3218 3217 1563
3219 3220 2393
3221 3222 3223
3224 3221 2394
3222 3225 1544
3226 2386 3225
3226 3227 2381
3224 2391 3227
3228 3229 2400
3230 1551 3231
3232 3231 1628
3232 1624 3229
3233 3234 2299
3234 3235 1427
3236 2405 3235
3237 3238 2413
3237 2410 3236
3238 3239 2422
3233 2297 3239
3240 3241 758
3242 735 3241
3243 1557 3242
3244 2420 3245
3245 2372 3246
3247 3246 3215
3247 3218 3248
3249 3250 3243
3250 3251 1560
3252 2418 3251
3253 3254 2427
3255 3256 1562
3257 2432 3258
3259 3260 3257
3261 3262 2442
3263 3261 2436
3264 3265 2449
3266 3267 3265
3264 2439 3268
3269 2430 3270
3271 3272 3267
3273 2452 3272
3273 3274 3275
3271 2443 3276
3277 3278 2441
3278 3279 2437
3280 3281 3279
3282 3277 3266
3283 3275 3284
3283 3285 2455
3286 3287 3285
3286 3288 3289
3290 3289 3291
3290 3292 3293
3294 1572 3295
3296 3295 762
3297 2469 3298
3299 3300 3297
3299 3301 3292
3302 3303 2472
3302 2467 3304
3305 2621 3306
3307 2500 3305
3307 3308 2502
3308 3309 2593
3310 3311 2533
3312 2581 3311
3312 3313 2579
3314 3315 3313
3316 3317 3318
3316 3319 2536
3320 3321 3317
3322 2545 3321
3320 2534 3323
3322 3324 3325
3323 1684 3326
3324 3326 1691
3327 3328 2819
3329 3330 3328
3331 3332 2595
3331 3333 3334
3335 1623 3332
3336 3334 2602
3337 2599 3335
3336 2604 3337
3338 3339 1767
3340 3338 3333
3339 3341 897
3340 2594 3342
3343 2591 3341
3343 3342 3344
3345 1777 3346
3347 2605 3345
3346 1770 3348
3349 3348 1759
3349 1758 3350
3350 900 3351
3347 3351 2608
3352 3353 2613
3352 2609 3354
3355 870 3353
3355 3356 866
3357 906 3356
3354 1788 3357
3358 3359 2587
3360 3361 3359
3358 2589 3362
3360 3363 2628
3364 1755 3365
3366 3365 3361
3367 3368 2634
3367 2635 3369
3370 3371 1805
3370 1802 3368
3372 2652 3373
3372 3374 2653
3375 3376 3374
3375 3377 2679
3378 2680 3379
3380 1843 3381
3382 3381 1847
3382 2684 3383
3384 3383 2677
3385 3386 459
3387 2682 3386
3385 1150 3388
3387 3389 3390
3391 3388 980
3389 3391 1852
3392 2678 3393
3394 3393 2683
3394 3390 3395
3392 3396 3376
3397 1834 3396
3395 1849 3397
3398 3399 1864
3400 2686 3399
3400 3401 2688
3402 1875 3403
3402 3404 1868
3405 2696 3406
3407 1869 3408
3409 3408 3410
3411 3412 3371
3411 3369 3407
3413 2701 3412
3409 3414 3413
3415 3416 2698
3417 3373 3416
3417 3418 3377
3419 3420 2702
3420 3421 1893
3422 2712 3421
3422 3423 2709
3423 3424 369
3419 2707 3424
3425 2771 3426
3427 1948 3428
3429 3428 2784
3425 3429 2773
3430 2557 3431
3430 3432 2556
3433 3431 1933
3434 3433 2776
3432 3435 2547
3434 2778 3435
3436 1350 3437
3438 3437 3439
3440 3441 3442
3440 3041 3443
3444 3445 1969
3446 3056 3447
3448 2801 3449
3448 3450 2803
3451 3449 2796
3450 3452 1995
3453 1975 3452
3451 2798 3453
3454 3455 2808
3456 3457 2009
3456 2012 3455
3458 3459 2823
3459 3460 1992
3461 2549 3460
3458 2820 3462
3463 3464 3457
3465 116 3466
3465 3467 444
3468 3469 2023
3470 3471 3469
3470 3472 2851
3468 2026 3473
3472 3473 2847
3474 2863 3475
3476 3477 3478
3479 3475 1109
3476 3479 2872
3480 3481 2867
3480 2871 3482
3483 3484 2836
3483 2827 3485
3485 1960 3486
3487 3486 3488
3489 3490 2882
3491 2788 3490
3492 3489 3481
3492 3493 3494
3491 3495 1966
3496 2860 3497
3498 3499 3500
3501 3500 2807
3496 3501 2833
3502 3503 3504
3505 3506 3499
3507 2806 3506
3508 2810 3507
3509 2856 3510
3510 2018 3511
3512 3511 2885
3509 3513 3471
3514 2065 3513
3512 2884 3514
3515 467 3516
3517 2889 3515
3518 3516 2073
3519 3518 2895
3517 3520 2890
3519 2893 3520
3521 2327 3522
3523 3522 2333
3524 3523 2904
3525 3526 3527
3528 2903 3529
3530 3531 3528
3532 3533 3534
3530 3532 3525
3535 3536 3537
3538 2913 3539
3535 3540 3541
3538 3541 2916
3542 2939 3543
3544 2928 3545
3542 3545 2933
3546 3547 2941
3547 3548 1262
3549 3550 2122
3551 2945 3550
3549 2119 3552
3553 2948 3554
3555 3556 3557
3553 3557 2951
3558 3559 2109
3560 3558 2953
3561 3562 2968
3563 3564 2980
3563 3565 3562
3566 3177 3564
3567 3568 3569
3570 2967 3567
3571 2986 3572
3573 3574 3565
3571 3573 2983
3575 2992 3576
3575 3577 2988
3578 3579 2164
3580 3576 3579
3580 3581 3582
3583 3584 3585
3586 552 3584
3587 3002 3588
3587 3589 3006
3590 3591 3589
3592 3011 3593
3594 3593 2031
3594 2029 3595
3592 3596 3597
3598 3595 3014
3598 3016 3596
3599 2226 3600
3601 3600 3012
3601 3597 3602
3603 3602 3032
3599 3604 2219
3603 3029 3604
3605 3606 3025
3605 3023 3607
3607 3013 3608
3609 2221 3606
3609 3608 2225
3610 3044 3611
3612 3611 3050
3612 3007 3613
3614 3615 3042
3614 3616 3617
3618 3617 3046
3619 3620 3047
3621 3619 3055
3622 3069 3623
3624 3623 3625
3622 3626 3067
3626 3627 1364
3624 3071 3627
3628 2238 3629
3630 3625 3628
3631 3000 3632
3630 3632 3072
3633 3081 3634
3634 3074 3635
3636 3637 2257
3633 3636 3079
3638 3085 3639
3640 3639 2272
3641 3640 3114
3642 3144 3643
3644 3643 3153
3645 3092 3646
3647 3646 3145
3648 3649 3094
3650 3651 3652
3650 3653 3103
3653 3654 2262
3655 3652 3117
3655 2264 3654
3656 2261 3657
3658 3104 3656
3659 3657 3645
3659 3660 3661
3662 3661 3097
3658 3662 3105
3663 3112 3664
3665 3664 3666
3667 3668 3669
3667 3641 3663
3670 3671 3125
3672 3670 3126
3673 2275 3671
3674 1400 3675
3676 3675 3138
3677 3676 3678
3674 3679 1406
3677 3680 3679
3681 3139 3682
3683 3164 3684
3683 3685 3167
3686 3172 3685
3686 3687 3168
3688 3684 2316
3688 2305 3687
3689 3690 3186
3690 3691 3692
3693 3694 1474
3693 1483 3691
3695 2347 3696
3697 3190 3695
3698 3689 3697
3696 1463 3699
3699 1471 3700
3698 3700 3694
3701 3702 2349
3703 3701 3191
3704 2247 3702
3704 3705 1482
3706 3692 3705
3703 3195 3706
3707 3708 3220
3707 3709 3710
3711 2389 3708
3712 3210 3711
3713 3219 3714
3715 3228 3716
3717 3718 3719
3716 2396 3717
3720 3248 3721
3720 3722 3244
3723 3721 3256
3723 3253 3724
3725 3726 2415
3727 3725 3252
3728 2424 3726
3729 3730 3259
3731 3258 3732
3733 3734 3269
3735 3736 3262
3737 3276 3738
3739 3738 3736
3739 3733 3740
3740 3741 3742
3737 3742 3274
3743 3282 3744
3744 3268 3745
3746 3747 2444
3743 3746 3280
3748 3745 3254
3748 3255 3747
3749 3284 3750
3751 3750 3741
3749 3752 3288
3753 3754 3260
3751 3270 3754
3755 3756 3757
3755 3758 3730
3759 3760 3752
3759 3753 3758
3761 3762 3300
3763 3304 3762
3763 3764 3765
3766 3757 3764
3761 3291 3767
3766 3767 3760
3768 3769 3287
3770 2454 3769
3770 3771 2406
3768 3293 3772
3773 3296 3771
3773 3772 3774
3775 3298 3776
3777 3776 1601
3778 1577 3779
3777 1584 3778
3780 3765 3781
3782 3783 2473
3782 2477 3784
3780 3784 3303
3785 3310 3786
3785 3787 3314
3788 3786 3789
3790 3789 3791
3792 3793 2542
3792 2540 3794
3790 3794 3319
3795 1685 3793
3791 2532 3795
3796 1353 3797
3798 3797 3616
3799 3800 3059
3801 3327 3800
3802 3803 3801
3802 3804 3796
3805 3344 3806
3807 3362 3805
3807 3808 3363
3809 3806 3309
3808 3810 2623
3809 3306 3810
3811 2627 3812
3813 3812 2616
3814 2629 3811
3815 3366 3814
3816 3817 1836
3818 3816 3380
3819 3820 3817
3818 3384 3821
3822 3823 3819
3822 3821 3378
3824 2691 3825
3826 3825 3401
3824 3827 2693
3828 3403 3827
3829 3410 3830
3831 3832 3829
3833 3830 3404
3831 3834 3405
3835 3836 3414
3837 3835 3832
3838 2700 3839
3840 3839 3836
3841 3842 3823
3843 1063 3844
3845 3426 3843
3845 3846 3427
3846 3847 1944
3848 3844 108
3847 3848 429
3849 3850 3851
3852 3851 3441
3852 3853 3854
3855 3438 3849
3856 3857 3858
3859 3854 3857
3859 3860 3855
3856 3444 3861
3861 1972 3862
3860 3862 3436
3863 3864 3446
3865 1355 3866
3867 3866 3804
3867 3799 3864
3868 3869 3853
3868 3443 3870
3871 3870 3865
3871 3863 3872
3873 3874 1973
3873 2799 3875
3876 3875 3445
3877 3878 3461
3879 3880 3590
3880 3881 3330
3877 3462 3881
3882 3454 3883
3884 3463 3882
3885 3883 3508
3884 3886 3887
3888 2844 3889
3889 1143 3890
3891 3890 3467
3892 3893 2866
3894 3482 3893
3894 3895 3493
3896 3487 3895
3892 2858 3897
3896 3897 3484
3898 3899 3495
3898 3494 3900
3900 3488 3901
3902 387 3899
3901 1074 3902
3903 3904 2865
3905 3906 3907
3908 3497 3904
3908 3907 3498
3909 3910 3521
3911 3912 3536
3910 3913 679
3911 3539 3913
3914 3527 3915
3916 3915 3917
3918 3524 3919
3920 3919 3531
3921 3922 3912
3921 3909 3918
3923 3924 3922
3923 3920 3914
3925 3926 3540
3927 3928 2082
3929 1280 3928
3930 2908 3929
3931 2076 3932
3933 3932 2907
3934 3543 3935
3936 3935 2114
3937 2110 3938
3936 2117 3937
3939 3940 3548
3941 3546 3942
3943 1218 3944
3945 3552 3943
3946 3944 3947
3945 3948 3551
3949 2100 3950
3951 3554 3949
3952 3950 3940
3952 3953 3954
3955 3954 3956
3951 3955 3555
3957 3958 3544
3959 3960 3559
3961 3938 3960
3961 3957 3934
3962 3561 3963
3964 3965 3533
3964 3529 3966
3962 3966 3566
3967 3968 3574
3969 2969 3968
3970 3582 3971
3972 3971 3973
3972 3967 3974
3974 3572 3975
3970 3975 3577
3976 3977 3001
3978 3976 3979
3978 3583 3980
3980 3981 3982
3983 3982 160
3977 3983 1291
3984 3629 3985
3985 2183 3986
3987 3986 3586
3987 3979 3988
3984 3988 3631
3989 3669 3990
3989 3991 3638
3991 3992 3084
3993 3994 3995
3993 3644 3996
3997 3998 3642
3999 3137 4000
3999 4001 4002
3997 3995 4001
4003 4000 3660
4003 3647 3998
4004 3102 4005
4006 4005 3649
4004 4007 3651
4008 3122 4007
4008 4009 3107
4006 3666 4009
4010 3648 4011
4012 3665 4010
4012 4013 3668
4014 3672 4015
4015 3129 4016
4017 4016 3637
4017 3635 4018
4019 4018 2276
4014 4019 3673
4020 4021 1580
4022 3152 4021
4020 1370 4023
4024 4023 3680
4025 3996 4022
4025 4024 4026
4027 4028 3712
4029 2435 4030
4031 4032 4029
4027 3710 4031
4033 4030 3281
4028 4033 3213
4034 4035 3230
4036 4034 3715
4037 3223 4038
4035 4038 1552
4039 4040 3728
4041 4042 3722
4040 4043 2425
4044 2429 4043
4041 3724 4044
4045 3729 4046
4047 4046 3731
4047 4048 4049
4049 2486 4050
4051 4052 3775
4053 4054 3294
4054 4055 764
4051 3779 4055
4053 3774 4056
4052 4056 3301
4057 3781 4058
4059 4050 4060
4061 4060 2479
4057 4061 3783
4062 4058 3756
4059 4062 4045
4063 4064 4065
4066 4063 3787
4064 4067 2544
4068 3318 4067
4066 3788 4068
4069 4070 3610
4071 3798 4070
4072 4073 3591
4069 3613 4073
4074 4072 3329
4071 4074 3803
4075 4076 3828
4077 4078 3834
4077 3833 4076
4075 3826 4079
4078 4080 2697
4079 3398 4080
4081 3406 4082
4083 3837 4081
4084 3415 4085
4086 4085 3838
4086 4087 4088
4089 4090 3869
4089 3872 4091
4092 3858 4090
4093 3876 4092
4094 3879 4095
4096 1700 4097
4095 3588 4096
4094 4098 3878
4099 4097 1705
4098 4099 2550
4100 3885 4101
4102 4103 3906
4101 3505 4103
4100 4104 3886
4105 4106 4104
4102 3502 4105
4107 4108 3474
4109 3903 4108
4107 3478 4110
4111 4110 3503
4109 4111 3905
4112 2917 4113
4114 4113 3926
4112 4115 2911
4114 4116 4117
4118 3927 4115
4119 3942 4120
4119 4121 4122
4121 4123 2944
4124 1266 4123
4120 2943 4124
4125 3939 4126
4127 4126 3941
4125 4128 3953
4128 4129 4130
4131 4122 4132
4133 4132 3948
4133 3946 4134
4134 4135 4136
4137 4136 4129
4137 4127 4131
4138 4139 3965
4138 3963 4140
4141 4140 3570
4142 4143 4144
4145 1490 4143
4145 4146 1488
4147 2163 4146
4148 3578 4149
4150 4149 4147
4150 4142 4151
4152 4153 3681
4154 3678 4153
4155 4026 4154
4155 4156 3994
4157 3719 4158
4159 4036 4157
4160 4158 4161
4160 3714 4162
4162 2395 4163
4159 4163 4037
4164 4165 4042
4164 4039 4166
4165 4167 2419
4168 3240 4167
4169 3249 4168
4166 3727 4169
4170 3840 4171
4172 4171 4083
4170 4173 4087
4174 4088 4175
4176 3841 4177
4178 4179 4084
4180 4181 4176
4180 4178 4174
4177 3379 4182
4179 4182 3418
4183 4184 4093
4185 3061 4186
4184 4186 3874
4185 4187 3064
4188 3447 4187
4183 4091 4188
4189 4117 4190
4189 4191 4118
4191 4192 3930
4193 3933 4192
4193 4190 4194
4195 4196 4116
4197 4194 4196
4198 3925 4199
4200 4201 4202
4203 4195 4198
4203 4200 4204
4205 3916 4201
4199 3537 4206
4205 4206 3924
4207 4208 3581
4209 4207 4148
4210 4152 4211
4212 4002 4213
4210 4213 4156
4214 4215 3931
4216 4214 4197
4216 4204 4217
4218 3973 4219
4220 4219 4208
4221 4220 4222
4221 4223 4224
4225 4224 3568
4218 4225 3969
4226 4222 4227
4228 4151 4229
4227 4209 4228