363 471 830
902 782 403
782 1025 403
363 224 471
825 223 771
1170 764 134
1440 899 146
351 902 380
351 782 902
288 486 1101
134 1242 479
764 1242 134
161 1268 361
646 1268 220
1268 646 361
329 224 363
658 1001 1008
1201 680 1140
882 1395 57
549 669 309
429 1134 519
1134 1365 519
1365 1134 596
105 397 262
920 181 289
677 394 223
1070 221 764
1070 1170 1135
1170 1070 764
221 286 764
286 221 1298
899 1197 146
1197 190 146
1197 761 190
715 502 1024
1 384 1352
384 1 447
142 384 447
567 786 579
1263 646 220
646 177 361
1396 142 447
1 86 447
86 1396 447
1396 86 1216
726 1023 25
585 567 797
567 406 797
1417 288 1101
1417 618 288
813 572 1089
572 813 1054
352 4 1369
4 352 765
689 898 1057
701 21 894
466 21 701
1314 466 426
1314 21 466
21 1314 20
619 1314 426
503 143 0
143 206 0
266 206 965
1130 1225 375
679 808 317
1324 1000 1243
648 55 57
1395 648 57
69 1201 830
471 69 830
1065 69 471
680 255 882
255 1395 882
255 680 1201
69 255 1201
255 1065 1395
255 69 1065
1304 919 643
258 1377 78
669 1377 309
1377 669 78
669 1149 78
549 1149 669
1149 315 78
1149 1304 643
1149 549 1304
258 695 846
695 258 78
315 695 78
695 315 67
1365 195 519
1493 1411 244
497 1493 244
1493 497 1244
1159 120 429
897 497 244
497 897 596
546 876 562
876 546 105
397 546 1490
105 546 397
1163 1143 306
1163 926 1143
466 474 426
474 394 426
223 474 771
394 474 223
192 1242 764
286 192 764
1025 472 403
207 1326 404
1326 207 1196
1374 853 610
499 861 1060
1359 466 701
474 1359 771
1359 474 466
1349 849 360
1445 1371 2
986 141 1349
141 849 1349
962 986 128
1307 1091 993
775 324 1352
384 775 1352
775 888 324
327 888 184
888 775 184
1442 384 142
62 1442 673
1442 62 184
775 1442 184
1442 775 384
1268 553 220
553 1429 220
1429 553 927
927 553 1463
102 578 382
102 1081 1463
1340 177 646
1340 1263 412
1263 1340 646
769 1340 412
1173 1330 412
1330 1173 1347
1330 769 412
1306 1173 412
1173 1306 1216
1306 1396 1216
1263 1306 412
1173 1416 1347
1143 968 306
1036 1061 1113
812 1349 360
455 763 1232
763 455 312
43 841 547
1371 1076 2
1250 86 1
1451 821 346
821 1451 1364
1364 427 236
427 1451 436
1451 427 1364
61 1403 1237
1403 61 1031
594 608 175
1256 608 847
187 1277 1184
154 1256 847
1142 1341 477
1341 154 477
154 1341 1256
593 1477 417
1477 470 417
229 633 387
1428 434 462
627 340 981
340 627 1142
254 492 1035
832 585 797
339 786 567
585 339 567
786 339 322
1258 832 797
832 1258 1462
1277 1295 1184
1295 1111 1184
423 1281 170
1111 1281 1184
406 94 170
1423 744 550
744 1379 719
1379 1423 1023
1379 744 1423
946 156 908
470 628 417
682 695 67
682 829 846
695 682 846
968 1399 306
1107 1417 80
828 1107 80
1107 828 468
1107 468 859
492 1068 1035
1068 450 1035
450 1068 1302
450 1112 1162
1112 450 1302
660 1265 1059
1026 689 241
689 1026 898
1413 1015 440
1015 572 440
1089 1015 313
572 1015 1089
1413 743 610
898 1165 1057
1165 537 591
537 1165 898
1220 352 1369
352 1366 765
445 320 444
320 445 881
1278 4 765
190 1114 146
1114 190 692
4 802 1369
802 989 1369
21 115 894
115 21 20
1412 619 426
394 1412 426
1242 1412 479
1412 677 479
677 1412 394
132 503 0
618 132 288
503 91 143
224 91 471
143 91 224
91 1065 471
206 295 0
295 206 266
295 132 0
132 295 288
288 295 486
295 266 486
408 206 143
408 143 224
1001 408 1008
408 329 1008
329 408 224
408 1001 965
206 408 965
854 1324 1473
1324 854 1000
469 465 551
808 465 317
1261 679 866
1261 808 679
1072 254 539
1310 648 1395
1065 1310 1395
521 1310 937
1310 521 648
642 562 643
919 642 643
642 919 181
562 654 643
654 1149 643
1149 654 315
67 654 632
315 654 67
654 876 632
876 654 562
497 64 1244
64 120 1244
1134 64 596
64 497 596
64 1134 429
120 64 429
1323 1330 1347
1330 1323 769
708 1323 712
769 1323 708
931 897 244
1163 931 926
931 1163 745
1315 178 1410
305 931 745
931 305 897
874 305 745
305 874 656
638 105 262
1293 638 262
638 1293 35
638 35 1102
37 876 105
37 638 1102
638 37 105
37 1102 1007
632 37 1007
876 37 632
148 1125 1221
1139 192 286
192 149 1242
149 1412 1242
1412 149 619
1139 149 192
619 149 1249
149 1139 1249
472 862 1196
862 1326 1196
862 472 1025
1019 1197 899
1019 899 259
404 1019 259
1326 1019 404
334 544 485
772 404 259
899 336 259
1440 336 899
484 336 1440
780 334 485
1176 780 485
575 629 976
629 575 1010
126 386 1010
386 482 1496
729 155 591
155 507 189
709 1089 313
709 537 1089
537 709 591
709 729 591
1015 354 313
354 1015 1413
354 1413 610
853 354 610
1005 853 1374
853 1005 217
174 498 1247
749 83 280
351 1426 782
92 1426 351
101 1236 761
190 1236 692
761 1236 190
849 1402 360
1403 1402 1237
294 379 955
962 294 955
624 294 1350
294 624 379
141 424 849
1371 740 128
740 962 128
1445 740 1371
740 1445 1350
294 740 1350
740 294 962
688 962 955
688 141 986
962 688 986
505 374 817
512 935 1279
935 756 1279
935 210 756
1478 1081 921
1478 921 673
1478 927 1463
1081 1478 1463
23 888 327
379 199 955
1305 199 379
502 257 1024
1180 1040 1357
736 870 291
62 748 948
921 748 673
748 62 673
792 62 948
792 948 696
792 327 184
62 792 184
1439 1445 2
1188 699 324
944 1188 203
1188 944 699
1354 1442 142
1429 1354 142
1354 1429 927
1442 1354 673
1354 1478 673
1478 1354 927
1396 869 142
869 1429 142
869 1306 1263
1306 869 1396
869 1263 220
1429 869 220
167 553 1268
167 1268 161
578 167 161
553 167 1463
167 102 1463
102 167 578
574 840 40
840 1415 40
1340 1274 177
1274 769 708
1274 1340 769
97 1173 1216
97 1416 1173
1416 97 528
455 837 312
1272 968 1143
968 1272 1113
308 985 1128
985 308 1036
1402 98 360
98 1402 1403
1141 946 208
1141 812 360
812 1141 208
98 1141 360
651 1290 1487
1185 946 908
946 1185 208
1290 1185 908
1185 1290 651
443 651 1487
443 455 1232
458 1203 1339
812 118 1349
118 986 1349
118 1339 128
986 118 128
425 841 43
425 1376 1049
506 982 287
841 982 547
1275 1076 1371
1203 1275 1339
1339 1275 128
1275 1371 128
506 607 1203
607 1275 1203
1275 607 1076
607 506 287
1204 607 287
607 1204 1076
517 370 17
324 1465 1352
699 1465 324
637 89 1051
698 89 637
256 1181 941
982 1262 287
1262 982 841
821 879 1237
879 821 1364
879 61 1237
1451 657 436
657 1451 346
726 911 907
911 726 25
1031 911 25
61 911 1031
608 806 847
806 608 594
153 767 684
1281 153 1184
153 1281 423
767 153 423
608 366 175
366 608 1256
113 154 847
113 794 1174
627 975 1142
975 1341 1142
1378 975 54
1222 627 981
633 1222 981
1341 10 1256
10 366 1256
10 975 1378
975 10 1341
10 1378 693
366 10 693
1477 1375 54
1375 1378 54
311 1375 593
1375 1477 593
122 633 229
122 628 470
1222 122 470
122 1222 633
895 633 981
633 895 387
1428 557 434
1085 1142 477
1085 340 1142
434 1178 462
222 254 1035
254 222 539
254 510 492
510 1072 548
1072 510 254
338 117 859
117 1107 859
117 618 1417
1107 117 1417
659 423 170
94 659 170
1283 730 444
320 1283 444
1258 676 1462
676 1258 1111
1295 676 1111
8 406 170
1258 8 1111
406 8 797
8 1258 797
1281 8 170
8 1281 1111
1207 165 28
165 1207 721
950 693 290
366 950 175
950 366 693
123 823 371
491 950 290
823 452 371
918 576 914
301 94 406
1130 301 579
301 1130 375
94 301 375
301 567 579
301 406 567
799 744 719
799 491 290
1117 799 290
799 1117 744
1117 311 550
744 1117 550
720 156 631
147 720 635
720 147 156
156 147 908
1342 311 593
311 1342 550
1414 1031 25
628 909 417
46 909 662
227 909 628
909 227 662
678 1231 229
1458 554 1253
554 227 1253
227 554 662
554 1458 647
1231 337 1253
337 1458 1253
1102 785 1007
785 759 1007
35 330 1102
330 785 1102
785 330 269
1064 330 35
1334 682 67
759 1334 1007
1334 632 1007
1334 67 632
1006 1042 829
682 1006 829
1334 1006 682
1006 1334 759
6 201 1144
350 166 893
166 350 1126
1481 1061 1148
1061 711 1113
711 968 1113
711 1399 968
1481 711 1061
1163 211 745
211 1163 306
529 84 1126
84 166 1126
166 84 1399
1399 84 306
84 211 306
211 84 529
1273 529 1126
1273 268 670
1457 828 80
219 1068 492
145 450 1162
1112 228 462
228 1112 1302
228 1428 462
1428 228 1455
228 42 1455
42 228 1302
1388 906 734
1388 660 1059
464 1428 1455
906 464 1455
557 464 1059
464 557 1428
464 1388 1059
1388 464 906
108 906 1455
42 108 1455
468 108 859
108 42 859
1228 1291 734
1291 1228 983
1079 660 1459
660 1079 1265
612 1079 1459
1026 650 898
650 537 898
650 813 1089
537 650 1089
1084 1165 591
155 1084 591
1084 155 189
732 1220 20
1314 732 20
732 619 1249
619 732 1314
353 815 431
815 349 431
29 689 1057
431 29 1057
349 29 431
1029 1103 987
705 1103 810
1103 705 987
636 832 1462
1404 636 1475
832 1404 585
636 1404 832
1384 1404 1475
339 1384 322
1384 339 585
1404 1384 585
730 1190 160
1283 1190 730
1190 393 160
1366 310 765
705 310 987
1220 795 352
795 1366 352
732 795 1220
795 732 1249
1029 265 119
265 1029 987
310 265 987
265 310 1366
689 297 241
445 186 881
297 186 445
283 320 881
1283 283 1167
283 1283 320
1278 418 4
524 755 954
755 186 954
186 755 881
718 901 1212
1108 1440 146
1114 1108 146
625 802 1004
802 625 989
1425 132 618
117 1425 618
1425 117 338
1386 854 1225
1386 1225 1130
1386 857 1000
854 1386 1000
465 1158 551
1158 465 808
1333 465 469
317 1333 270
465 1333 317
648 1320 55
521 1320 648
55 1320 548
1320 510 548
91 1327 1065
1327 1310 1065
1310 1327 937
1327 91 503
53 920 1490
546 53 1490
920 53 181
53 642 181
53 546 562
642 53 562
246 931 244
931 246 926
246 5 926
1411 246 244
246 1411 121
5 246 121
1071 1331 1315
1331 178 1315
1273 93 529
700 93 670
93 1273 670
1160 700 487
1160 93 700
1186 305 656
1186 1365 596
897 1186 596
305 1186 897
1293 1483 35
1064 1483 152
1483 1064 35
727 530 1003
1109 530 727
1125 1090 1221
1090 613 1221
1195 1125 40
1090 1195 1394
1195 1090 1125
1267 504 1187
1058 1267 1187
1267 1058 1436
504 1267 558
1318 862 1025
1318 101 761
862 205 1326
1019 205 1197
205 1019 1326
1318 205 862
1197 205 761
205 1318 761
328 772 259
772 328 778
336 328 259
961 207 404
772 961 404
1438 603 1077
603 168 845
168 603 1438
780 971 334
971 564 334
564 971 504
504 971 1187
605 1270 1077
1270 1005 1374
1005 1270 605
936 1374 610
743 936 610
427 1474 236
16 743 878
1474 16 878
16 936 743
936 16 1437
715 694 502
1182 694 715
939 386 1496
386 939 1010
939 629 1010
939 1182 629
1122 126 1010
575 1122 1010
1122 575 369
922 1122 369
1259 1438 1077
1138 446 217
916 446 729
916 709 313
709 916 729
354 916 313
916 354 853
916 853 217
446 916 217
1138 956 446
956 1138 967
1247 933 1280
498 933 1247
1391 498 174
1391 970 38
1391 174 970
498 1391 499
861 1391 38
499 1391 861
751 499 1060
751 1060 34
1150 1252 34
1252 751 34
751 1252 402
749 667 83
83 667 692
667 1114 692
667 749 216
1329 563 1260
130 626 702
782 1464 1025
1426 1464 782
1464 1318 1025
1318 1464 101
278 687 280
83 278 280
831 386 126
1495 831 346
386 831 482
831 1495 482
831 657 346
657 831 126
1348 1087 1233
424 1485 849
1485 821 1237
1402 1485 1237
1485 1402 849
1091 714 505
714 374 505
714 1091 1307
374 714 240
714 1307 100
374 735 817
735 210 817
210 735 756
851 858 696
858 23 327
858 792 696
792 858 327
321 164 1348
321 1348 1233
321 944 203
944 321 1233
611 321 203
321 611 164
482 514 1496
514 135 1496
688 71 141
424 71 1427
71 424 141
925 263 267
1062 923 976
1180 1447 1040
1447 715 1024
1040 1447 1024
1062 1447 1180
1436 903 1357
903 1180 1357
1058 903 1436
903 1058 501
1267 675 558
675 1267 1436
1332 997 512
1332 512 1279
215 1332 1279
1332 215 238
1489 774 27
215 1489 238
1489 215 291
674 675 124
675 674 558
674 666 558
666 674 774
1033 736 291
215 1033 291
756 1033 1279
1033 215 1279
1087 451 1233
451 624 1350
451 1087 624
1099 1439 2
880 451 1350
1445 880 1350
1439 880 1445
23 617 888
888 617 324
617 1188 324
1188 617 203
757 1125 148
757 148 783
574 757 783
1125 757 40
757 574 40
957 1415 840
957 469 551
1415 957 551
613 1420 1299
1090 1420 613
863 1420 1394
1420 1090 1394
1460 863 1394
1080 1460 1137
1460 1080 863
490 422 1299
1420 490 1299
490 1420 863
490 1020 422
49 966 1487
966 837 455
966 443 1487
443 966 455
723 1061 1036
308 723 1036
723 308 312
837 723 312
1061 723 1148
723 837 1148
1376 1009 1049
1362 1009 1376
1009 260 1049
273 1272 1143
926 273 1143
5 273 926
985 1052 1128
1052 1355 1128
1355 1052 453
1269 5 121
942 1067 367
1067 942 49
1328 81 367
81 942 367
942 81 952
1067 1469 367
649 98 1403
649 1403 1031
1414 649 1031
1141 73 946
73 1141 98
156 73 631
73 156 946
73 649 631
649 73 98
1185 1488 208
1488 1185 651
458 1214 1203
1214 506 1203
1355 599 1128
599 1355 43
599 43 547
1152 599 547
978 763 312
978 1152 763
978 599 1152
308 978 312
978 308 1128
599 978 1128
1355 494 43
425 494 1376
494 425 43
494 1355 453
1164 982 506
1214 1164 506
1164 1152 547
982 1164 547
1164 1214 1232
763 1164 1232
1152 1164 763
517 1433 370
1433 1215 370
1215 1433 1086
1389 1465 698
1389 1250 1
1389 1 1352
1465 1389 1352
1465 1168 698
1168 89 698
1168 1465 699
1168 381 89
256 1209 1250
97 1209 528
1209 941 528
1209 256 941
1250 1209 86
86 1209 1216
1209 97 1216
256 151 1181
1181 151 17
151 517 17
376 1204 287
1262 376 287
376 1032 1204
1208 376 1262
879 584 61
584 911 61
584 1364 236
584 879 1364
907 584 236
911 584 907
272 806 684
806 272 847
272 113 847
113 272 794
794 615 1174
232 615 1012
806 645 684
645 153 684
187 645 594
645 806 594
645 187 1184
153 645 1184
1222 1074 627
975 1074 54
1074 975 627
1074 1222 470
1074 1477 54
1477 1074 470
895 1093 867
340 1093 981
1093 895 981
1217 1085 652
1217 1178 434
1178 1217 652
1085 1217 340
690 560 242
614 781 805
495 1363 1194
781 929 1257
929 781 614
904 145 1162
145 904 1257
690 597 652
597 1178 652
112 854 1473
1363 112 1473
112 1363 495
854 112 1225
1225 974 375
163 281 1194
281 495 1194
500 59 202
59 500 212
659 996 423
996 659 1066
500 996 1066
996 500 202
767 996 202
996 767 423
261 676 1295
1118 165 721
676 1118 1462
261 1118 676
1118 261 165
123 18 823
18 491 823
491 18 950
950 18 175
538 123 371
491 681 823
681 452 823
681 799 719
799 681 491
452 335 371
1189 1295 1277
1189 261 1295
1229 445 444
297 1229 241
1229 297 445
1300 730 160
1300 160 28
988 1375 311
1117 988 311
1378 988 693
1375 988 1378
693 988 290
988 1117 290
726 226 1023
226 1379 1023
1030 907 236
1474 1030 236
1030 1474 878
753 416 395
720 176 635
951 147 635
147 951 912
46 951 635
147 536 908
536 147 912
1014 536 912
536 1290 908
536 1014 1290
460 1423 550
1342 460 550
460 1342 169
122 570 628
570 227 628
1231 570 229
570 122 229
570 1231 1253
227 570 1253
909 892 417
892 593 417
892 1342 593
1342 892 169
678 441 1231
441 337 1231
337 441 973
895 1325 387
1325 895 867
269 185 804
330 185 269
185 330 1064
1382 641 401
1387 785 269
1387 1497 1172
785 1387 759
1497 601 1172
776 930 647
1458 776 647
964 634 264
776 964 930
964 776 634
1104 299 401
641 561 401
634 561 264
1038 1006 759
1183 1038 1172
1387 1038 759
1038 1387 1172
1006 243 1042
1042 243 604
243 1038 1183
1038 243 1006
1255 1291 983
1430 1255 983
980 6 1144
980 1491 606
6 980 606
960 612 1459
960 1255 1430
711 1472 1399
1472 711 1481
166 1472 893
1472 166 1399
885 219 338
219 885 1068
885 338 859
42 885 859
885 42 1302
1068 885 1302
510 285 492
285 219 492
285 1320 521
1320 285 510
1388 686 660
660 686 1459
1291 686 734
686 1388 734
686 960 1459
1255 686 1291
960 686 1255
108 249 906
906 249 734
249 1228 734
1228 249 828
828 249 468
249 108 468
1457 1372 828
1372 1228 828
1228 1372 983
1372 302 983
803 1079 612
813 738 1054
738 335 1054
335 738 110
1229 333 241
85 373 41
1467 373 671
373 1467 41
815 1078 1004
1078 815 353
1084 437 1165
437 353 431
437 431 1057
1165 437 1057
437 766 353
766 437 1084
1020 355 422
410 1312 1475
1312 1384 1475
1408 1283 1167
1408 1190 1283
393 13 160
160 13 28
13 1207 28
79 13 393
79 741 250
741 79 393
1207 1219 721
1219 133 721
13 1219 1207
1219 13 79
1434 310 705
310 1434 765
1434 1278 765
1278 1434 994
1139 96 1249
96 795 1249
795 96 1366
96 265 1366
29 834 689
834 297 689
834 186 297
186 834 954
1211 802 4
418 1211 4
802 1211 1004
1211 418 349
1211 815 1004
815 1211 349
739 418 1278
739 524 954
739 1278 994
524 739 994
526 1005 605
901 526 605
1005 526 217
526 1138 217
1138 526 967
314 525 359
718 314 1037
1108 1319 1440
1053 1108 1114
1053 1319 1108
115 1193 894
1467 836 989
836 1193 115
836 1467 671
1193 836 671
1467 883 41
625 883 989
883 1467 989
1425 1230 132
132 1230 503
1327 1230 937
1230 1327 503
1261 995 808
995 1158 808
717 195 1365
770 1071 172
770 1331 1071
770 717 1331
717 770 195
178 300 656
1331 300 178
717 300 1331
300 717 1365
1186 300 1365
300 1186 656
178 125 1410
125 487 1410
125 1160 487
1160 125 874
125 178 656
874 125 656
1160 814 93
814 211 529
93 814 529
814 1160 874
814 874 745
211 814 745
838 350 893
50 653 1353
1344 475 516
653 475 247
475 50 516
475 653 50
1492 1346 1147
1285 1344 516
1285 809 1344
1158 1156 551
995 1156 1158
150 564 665
544 150 1150
150 544 334
564 150 334
150 1252 1150
1252 150 665
796 504 558
796 564 504
666 796 558
564 796 665
328 188 778
188 463 778
463 188 1157
664 961 772
7 622 347
347 1264 513
901 733 1212
733 901 605
733 605 1077
603 733 1077
194 463 1157
400 603 845
400 820 1212
733 400 1212
400 733 603
668 314 718
314 668 525
668 718 1212
820 668 1212
923 924 976
575 253 369
253 48 369
253 575 976
924 253 976
924 891 159
891 924 923
135 1121 1496
1121 694 1182
1121 939 1496
939 1121 1182
197 1122 922
868 197 922
197 868 436
1122 197 126
657 197 436
197 657 126
523 1474 427
523 427 436
868 523 436
523 16 1474
16 523 1437
523 868 1437
48 357 369
357 48 513
1270 362 1077
362 1259 1077
155 661 507
507 661 1456
661 956 1456
956 661 446
446 661 729
661 155 729
1454 104 1456
956 1454 1456
1276 1454 967
1454 956 967
933 45 1280
45 100 1280
45 714 100
714 45 240
45 1405 240
1405 45 933
796 713 665
713 666 870
713 796 666
1236 788 692
788 83 692
788 278 83
130 1316 626
626 1316 92
1316 1426 92
1316 1464 1426
1464 1316 101
750 130 702
788 750 278
1087 157 624
1305 157 1044
624 157 379
157 1305 379
218 1485 424
218 1495 346
821 218 346
1485 218 821
1495 218 1427
218 424 1427
274 940 1044
157 274 1044
274 157 1087
274 1087 1348
1407 1240 789
1240 1407 940
1240 442 789
442 1240 493
1484 1246 851
1246 858 851
858 1246 23
87 1476 30
1476 257 502
1476 87 257
800 383 30
1476 800 30
383 800 248
800 1191 248
131 514 482
131 1495 1427
1495 131 482
807 199 1305
1461 1191 135
514 1461 135
1191 1461 248
383 552 213
552 383 248
992 811 725
461 74 1223
74 332 1223
430 383 213
383 430 30
24 332 1361
1311 925 267
304 87 30
430 304 30
304 430 1106
456 304 1106
87 304 958
304 456 958
1447 225 715
225 1447 1062
225 1182 715
1182 225 629
629 225 976
225 1062 976
1062 368 923
368 903 501
368 1062 1180
903 368 1180
19 704 124
704 674 124
774 704 27
674 704 774
819 1116 238
819 1489 27
1489 819 238
1034 1116 1452
1332 1034 997
1034 1332 238
1116 1034 238
129 1083 1452
1034 1083 997
1083 1034 1452
1489 1392 774
1392 666 774
666 1392 870
870 1392 291
1392 1489 291
735 107 756
107 1033 756
736 107 822
1033 107 736
1032 473 1204
473 1099 2
1076 473 2
1204 473 1076
595 1130 579
595 1470 857
595 1386 1130
1386 595 857
1470 476 1137
476 1080 1137
476 595 579
595 476 1470
786 476 579
1080 476 786
1020 777 322
490 777 1020
777 786 322
777 1080 786
1080 777 863
777 490 863
1390 966 49
942 1390 49
1390 942 952
837 1390 1148
966 1390 837
1052 1017 453
273 784 1272
784 1301 1272
1272 183 1113
1301 183 1272
183 1036 1113
183 985 1036
672 1360 72
930 534 647
1192 534 930
534 1192 1469
3 1469 1067
1014 3 1067
3 534 1469
3 1014 912
1290 448 1487
1014 448 1290
448 49 1487
448 1067 49
448 1014 1067
1124 1488 458
1124 118 812
1124 812 208
1488 1124 208
1124 458 1339
118 1124 1339
884 1214 458
1488 884 458
884 443 1232
1214 884 1232
443 884 651
884 1488 651
494 873 1376
873 1362 1376
873 1287 1362
873 494 453
1092 1433 517
1092 637 1051
1433 433 1086
1092 433 1433
1177 433 1051
433 1092 1051
1136 1099 1370
1099 1136 1439
706 944 1233
451 706 1233
880 706 451
1358 1168 699
1358 381 1168
944 1358 699
706 1358 944
151 1166 517
1092 1166 637
1166 1092 517
1208 409 239
260 409 1049
1345 409 260
409 1345 239
1046 376 1208
1032 1046 556
376 1046 1032
1046 271 556
271 1046 1047
1047 1046 239
1046 1208 239
1155 271 1047
1063 272 684
1063 767 202
767 1063 684
272 1063 794
59 1063 202
1093 623 867
623 1265 867
1265 623 1059
623 557 1059
623 691 557
691 623 1093
557 691 434
691 1217 434
691 1093 340
1217 691 340
234 560 1174
615 234 1174
234 615 232
560 234 242
560 565 1174
565 113 1174
113 565 154
154 565 477
179 690 652
179 560 690
179 565 560
565 179 477
179 1085 477
1085 179 652
1048 929 222
1048 222 1035
1048 145 1257
929 1048 1257
450 1048 1035
145 1048 450
365 929 614
222 365 539
929 365 222
331 758 171
758 331 839
685 904 1162
904 685 171
358 112 495
112 358 1225
358 974 1225
583 94 375
974 583 375
583 659 94
659 583 1066
577 163 541
577 281 163
1021 232 1012
488 1021 1012
588 538 914
576 588 914
588 1189 1277
1189 588 576
318 187 594
318 18 123
318 594 175
18 318 175
335 871 371
871 335 110
871 538 371
538 871 914
261 928 165
1189 928 261
165 928 28
928 1189 576
918 411 576
1300 411 918
411 1300 28
928 411 28
411 928 576
343 726 907
343 226 726
1030 343 907
226 343 395
344 226 395
416 344 395
1379 344 719
226 344 1379
753 292 440
743 292 878
292 1413 440
292 743 1413
527 753 440
527 572 1054
572 527 440
527 416 753
326 753 395
343 326 395
326 343 1030
326 1030 878
292 326 878
326 292 753
681 245 452
245 344 416
245 681 719
344 245 719
335 1313 1054
1313 335 452
1313 527 1054
527 1313 416
245 1313 452
1313 245 416
649 1271 631
1271 649 1414
1271 720 631
1271 176 720
663 46 662
663 951 46
554 663 662
663 554 647
1075 46 635
176 1075 635
1075 909 46
1075 892 909
1075 176 169
892 1075 169
1325 364 791
364 803 791
803 364 1079
1079 364 1265
1265 364 867
364 1325 867
620 1387 269
1387 620 1497
620 269 804
1382 620 804
276 601 1497
209 276 299
601 276 496
276 209 496
385 1183 1172
601 385 1172
776 414 634
414 337 973
337 414 1458
414 776 1458
1289 483 293
483 1289 1002
483 264 293
483 964 264
1151 1104 973
441 1151 973
1210 209 299
1104 1210 299
1151 1210 1104
1210 198 209
198 1210 398
1210 1151 398
345 1104 401
561 345 401
1104 345 973
345 561 634
345 414 973
414 345 634
1045 1372 1457
1372 1045 302
138 389 1430
138 1430 983
302 138 983
1294 389 1431
1491 1294 1431
980 1294 1491
747 198 398
198 747 372
1120 9 201
747 1120 372
1120 747 9
1127 1435 1144
201 1127 1144
9 1127 201
1450 6 606
285 1239 219
1239 521 937
1239 285 521
1230 1239 937
1239 1230 1425
219 1239 338
1239 1425 338
99 1435 791
803 99 791
1435 99 1144
650 139 813
139 738 813
139 650 1026
738 139 110
871 298 914
298 871 110
298 918 914
298 333 918
977 1229 444
977 333 1229
730 977 444
1300 977 730
977 1300 918
333 977 918
182 342 104
883 1234 41
1234 883 625
766 1282 353
1282 1078 353
230 1084 189
230 766 1084
1282 230 1308
230 1282 766
991 355 1020
991 1020 322
1384 991 322
1312 991 1384
355 991 162
991 1312 162
816 31 410
1312 31 162
31 1312 410
636 824 1475
824 410 1475
1466 636 1462
133 1466 721
1466 824 636
824 1466 133
1118 1466 1462
1466 1118 721
979 283 881
755 979 881
587 524 994
14 393 1190
1408 14 1190
14 741 393
1039 14 1227
14 1039 741
265 852 119
96 852 265
119 852 1298
852 286 1298
852 1139 286
852 96 1139
644 834 29
644 29 349
418 644 349
834 644 954
644 739 954
739 644 418
284 1338 396
526 1041 967
1041 526 901
1276 1041 1037
1041 1276 967
1041 718 1037
1041 901 718
535 1276 1037
535 1441 419
535 913 1441
913 535 1037
314 913 1037
913 314 359
525 827 359
827 525 484
827 484 1440
1319 827 1440
989 32 1369
836 32 989
32 1220 1369
32 836 115
1220 32 20
32 115 20
1013 1470 1137
1470 1013 857
1328 415 1353
15 415 114
415 50 1353
415 15 50
555 838 893
838 555 247
275 1481 1148
1432 275 952
1390 275 1148
275 1390 952
1486 1346 350
838 1486 350
809 1486 1344
1346 1486 1147
1486 809 1147
1096 1328 1353
1096 81 1328
81 1096 952
1096 1432 952
1131 1492 268
1492 1131 1346
1273 1131 268
1131 1273 1126
350 1131 1126
1346 1131 350
1406 530 1109
630 103 407
530 279 1003
1213 1285 516
1213 15 407
50 1213 516
15 1213 50
103 953 407
953 1213 407
1105 959 293
959 1289 293
566 561 641
561 566 264
264 566 293
566 1105 293
1415 1218 40
1218 1195 40
1218 1415 551
1156 1218 551
12 1460 1394
1460 12 1137
826 668 820
525 826 484
668 826 525
325 328 336
325 188 328
325 336 484
826 325 484
855 772 778
855 664 772
463 855 778
252 106 159
106 347 513
106 7 347
7 106 252
1043 235 116
1202 1292 454
449 1043 116
63 449 116
449 63 622
449 1292 1043
231 508 1206
144 231 1206
508 818 1206
818 194 1206
559 1264 1171
1264 559 168
231 559 1171
559 231 144
168 559 845
559 144 845
316 144 1206
316 194 1157
194 316 1206
589 924 159
106 589 159
253 589 48
589 253 924
48 589 513
589 106 513
392 1202 454
915 780 1176
938 891 801
44 938 801
938 44 252
938 252 159
891 938 159
891 481 801
1018 481 501
481 1018 801
481 368 501
481 891 923
368 481 923
1337 357 513
1264 1337 513
1337 1264 168
357 1337 1259
1337 168 1438
1259 1337 1438
592 936 1437
936 592 1374
592 1270 1374
592 362 1270
790 922 369
357 790 369
790 357 1259
362 790 1259
1454 277 104
182 277 419
277 182 104
277 1454 1276
277 535 419
535 277 1276
1405 1373 240
107 1373 822
1373 107 735
1373 374 240
1373 735 374
1154 1082 822
1373 1154 822
1154 1373 1405
798 713 870
736 798 870
798 736 822
1082 798 822
1316 932 101
932 1316 130
932 1236 101
932 788 1236
750 932 130
932 750 788
563 787 702
787 750 702
1329 787 563
750 787 278
787 1329 687
278 787 687
1407 1367 267
1367 1311 267
940 746 1044
1407 746 940
746 1407 267
263 746 267
442 542 789
493 1027 164
1240 1027 493
164 1027 1348
1027 274 1348
274 1027 940
1027 1240 940
1246 1480 23
1480 611 203
617 1480 203
1480 617 23
1121 972 694
694 972 502
972 1476 502
800 972 1191
972 800 1476
1191 972 135
972 1121 135
199 773 955
773 688 955
773 71 688
180 807 1305
180 1305 1044
746 180 1044
180 746 263
773 860 71
71 860 1427
860 131 1427
552 1385 213
925 1385 263
910 992 725
910 39 992
332 600 1361
74 600 332
430 655 1106
655 24 1106
655 430 213
969 811 992
24 833 1106
833 456 1106
456 833 1169
833 24 1361
24 319 332
332 319 1223
319 1311 1223
655 319 24
1115 456 1169
456 1115 958
1115 990 958
990 1115 1146
111 990 1146
990 111 1471
639 1040 1024
257 639 1024
571 19 124
571 111 19
111 571 1471
704 722 27
722 704 19
754 1032 556
754 473 1032
473 754 1099
1099 754 1370
1017 1095 453
1095 873 453
873 1095 1287
1095 457 1287
864 784 72
784 864 1301
784 1088 72
1088 672 72
1088 784 273
672 1088 1269
1088 273 5
1269 1088 5
1289 439 1002
439 1028 1002
1136 850 1439
850 1136 381
850 880 1439
1358 850 381
850 706 880
850 1358 706
381 710 89
1136 710 381
89 710 1051
710 1136 1370
710 1177 1051
1177 710 1370
1248 151 256
1248 1166 151
1248 256 1250
1389 1248 1250
1248 1389 698
1248 698 637
1166 1248 637
409 405 1049
405 409 1208
405 425 1049
425 405 841
405 1262 841
405 1208 1262
433 1094 1086
1094 1155 1086
1094 433 1177
1155 1094 271
1161 1215 1086
1155 1161 1086
1063 875 794
875 1063 59
615 875 1012
875 615 794
1133 234 232
234 1133 242
1133 331 242
331 1133 839
191 758 839
1479 781 1257
904 1479 1257
1479 904 171
758 1479 171
1112 1482 1162
1482 685 1162
1482 1112 462
685 1482 597
1178 1482 462
597 1482 1178
889 331 171
685 889 171
889 685 597
331 889 242
889 690 242
889 597 690
281 890 495
890 358 495
358 890 974
1254 500 1066
500 1254 212
1444 577 541
1356 59 212
716 1356 212
875 1356 1012
1356 875 59
1356 488 1012
1356 716 488
1021 1098 232
1098 1133 232
1133 1098 839
588 737 538
538 737 123
737 318 123
318 737 187
187 737 1277
737 588 1277
887 1271 1414
887 460 169
176 887 169
1271 887 176
88 3 912
3 88 534
951 88 912
663 88 951
534 88 647
88 663 647
1303 1064 152
75 1303 152
1406 1055 1418
1055 1406 1109
185 545 804
1097 959 1105
947 276 1497
276 947 299
620 947 1497
299 947 401
947 1382 401
947 620 1382
385 60 1183
243 60 604
60 243 1183
483 886 964
964 886 930
886 1192 930
886 483 1002
60 580 604
1266 1417 1101
1417 1266 80
960 1073 612
1073 1294 612
1294 1073 389
1073 960 1430
389 1073 1430
421 1120 201
421 1450 540
6 421 201
1450 421 6
1127 865 1435
865 1127 9
1151 949 398
949 1151 441
949 441 678
1351 949 678
1435 237 791
237 1325 791
865 237 1435
237 865 1351
1325 237 387
489 198 372
489 742 496
209 489 496
198 489 209
52 1198 540
742 1016 496
1016 601 496
1016 385 601
762 1294 980
762 980 1144
99 762 1144
1294 762 612
762 803 612
762 99 803
282 1026 241
282 139 1026
333 282 241
298 282 333
139 282 110
282 298 110
251 507 1456
104 251 1456
342 251 104
984 76 1335
586 342 182
586 984 342
76 586 707
984 586 76
724 582 581
582 230 189
582 724 1308
230 582 1308
1443 824 133
1443 816 410
824 1443 410
979 1321 283
283 1321 1167
1434 511 994
511 587 994
511 1434 705
296 14 1408
296 1011 1227
14 296 1227
741 905 250
1039 905 741
1338 1238 396
1441 1238 419
1238 1441 396
1238 182 419
760 284 731
760 1338 284
621 913 359
1441 621 396
913 621 1441
438 827 1319
827 438 359
1053 900 1319
900 438 1319
438 900 1200
520 33 866
33 1261 866
917 415 1328
415 917 114
917 1028 114
842 555 893
1472 842 893
842 1472 1481
555 842 1432
275 842 1481
842 275 1432
1153 653 247
555 1153 247
1153 555 1432
1096 1153 1432
653 1153 1353
1153 1096 1353
1486 77 1344
77 1486 838
77 838 247
77 475 1344
475 77 247
1251 630 407
15 1251 407
1251 15 114
630 1380 103
1380 630 1003
279 1380 1003
1213 65 1285
953 65 1213
200 1218 1156
12 200 1156
1218 200 1195
1195 200 1394
200 12 1394
428 1156 995
428 12 1156
428 1013 1137
12 428 1137
1226 325 826
1226 826 820
188 1226 1157
325 1226 188
856 855 463
194 856 463
818 856 194
1422 44 801
1018 1422 801
303 7 252
44 303 252
235 478 116
835 63 1171
63 835 622
622 835 347
1264 835 1171
835 1264 347
435 622 7
435 449 622
303 435 7
435 303 454
1292 435 454
449 435 1292
1453 818 508
478 1453 508
856 1453 1069
1453 856 818
144 1322 845
316 1322 144
1322 400 845
1381 971 780
915 1381 780
95 1381 915
971 1381 1187
1381 95 1187
66 915 1176
609 592 1437
592 609 362
609 790 362
790 609 922
868 609 1437
609 868 922
1154 323 1082
1082 323 402
751 323 499
323 751 402
1296 1405 933
1296 1154 1405
1296 323 1154
1296 933 498
1296 498 499
323 1296 499
713 703 665
798 703 713
703 1252 665
1252 703 402
703 1082 402
703 798 1082
542 196 789
196 542 307
196 1407 789
196 1367 1407
459 542 442
1401 1480 1246
1401 1484 896
1401 1246 1484
1241 180 263
180 1241 807
1385 1241 263
1241 1385 552
131 26 514
860 26 131
26 1461 514
910 68 39
413 910 725
969 391 811
600 391 1361
356 833 1361
391 356 1361
356 391 969
356 969 1169
833 356 1169
616 319 655
616 655 213
1311 616 925
319 616 1311
1385 616 213
616 1385 925
1419 1115 1169
969 1419 1169
1115 1419 1146
39 1419 992
1419 969 992
214 68 233
68 214 39
1419 214 1146
214 1419 39
111 1368 19
1368 722 19
722 1368 233
1368 214 233
1368 111 1146
214 1368 1146
990 573 958
573 87 958
87 573 257
573 990 1471
573 639 257
639 573 1471
728 571 124
675 728 124
728 1436 1357
728 675 1436
1110 722 233
819 1110 1116
1110 819 27
722 1110 27
1199 1095 1017
1095 1199 457
864 1199 1017
872 864 1017
183 872 985
872 183 1301
864 872 1301
872 1052 985
872 1017 1052
768 727 1003
630 768 1003
959 963 1289
963 439 1289
963 768 439
768 963 727
1132 1177 1370
1132 1094 1177
1094 1132 271
754 1132 1370
271 1132 556
1132 754 556
532 1047 239
1345 532 239
532 1155 1047
532 1161 1155
781 70 805
1479 70 781
70 390 805
70 1479 758
70 191 390
191 70 758
388 583 974
890 388 974
583 388 1066
388 1254 1066
640 716 212
640 1444 716
1254 640 212
1444 640 577
716 1129 488
1444 1129 716
158 1021 488
1129 158 488
191 1343 390
1468 1414 25
1468 887 1414
887 1468 460
460 1468 1423
1023 1468 25
1423 1468 1023
378 75 1418
1055 378 1418
378 1055 569
378 1303 75
545 1245 569
1245 378 569
378 1245 1303
1245 545 185
1245 185 1064
1303 1245 1064
1097 1383 959
1383 1109 727
963 1383 727
1383 963 959
1055 480 569
480 1055 1109
1383 480 1109
480 1383 1097
1382 509 641
509 1382 804
545 509 804
886 515 1192
917 515 1028
1028 515 1002
515 886 1002
1336 60 385
1336 580 60
1016 1336 385
580 1336 173
844 1045 1457
844 1457 80
1266 844 80
747 399 9
399 865 9
865 399 1351
399 949 1351
399 747 398
949 399 398
237 1448 387
1448 237 1351
1448 1351 678
1448 229 387
1448 678 229
1120 793 372
793 1198 742
793 489 372
489 793 742
251 137 507
582 137 581
507 137 189
137 582 189
1224 984 1335
1449 1224 1335
36 251 342
984 36 342
137 36 581
36 137 251
36 1224 581
1224 36 984
724 109 1308
1078 1205 1004
1205 625 1004
1205 1234 625
1397 85 41
1234 1397 41
1145 1443 133
1219 1145 133
1145 79 250
1145 1219 79
1321 432 1167
943 1321 979
1022 705 810
1022 511 705
1409 1022 810
511 1022 587
683 1408 1167
683 296 1408
432 683 1167
683 432 1286
1011 683 1286
296 683 1011
1443 531 816
905 531 250
531 1145 250
1145 531 1443
1050 1238 1338
586 1050 707
1050 586 182
1238 1050 182
621 1056 396
1056 284 396
602 438 1200
1056 602 1200
602 1056 621
602 621 359
438 602 359
1013 82 857
33 82 1013
82 33 520
82 520 1243
1000 82 1243
857 82 1000
420 428 995
420 995 1261
33 420 1261
420 33 1013
428 420 1013
47 856 1069
856 47 855
855 47 664
1422 518 568
518 1422 1018
1422 697 44
697 392 454
392 697 568
697 1422 568
303 697 454
697 303 44
945 63 116
478 945 116
63 945 1171
945 231 1171
231 945 508
945 478 508
543 478 235
543 1453 478
1453 543 1069
1309 1322 316
1309 316 1157
1226 1309 1157
1309 1226 820
400 1309 820
1322 1309 400
1058 1284 501
1284 1018 501
1284 1058 1187
95 1284 1187
1284 518 1018
518 1284 95
196 522 1367
522 461 1223
522 307 461
522 196 307
1311 522 1223
1367 522 1311
1480 590 611
1401 590 1480
590 493 164
611 590 164
26 1119 1461
1241 1119 807
1461 1119 248
1119 552 248
1119 1241 552
998 68 910
413 998 910
998 413 129
998 129 1452
728 1123 571
639 1123 1040
1040 1123 1357
1123 728 1357
1123 639 1471
571 1123 1471
136 1110 233
136 998 1452
1116 136 1452
1110 136 1116
68 136 233
998 136 68
457 1421 1360
1199 1421 457
1360 1421 72
1421 864 72
1421 1199 864
1251 348 630
348 768 630
1028 348 114
348 1251 114
439 348 1028
768 348 439
388 51 1254
640 51 577
51 640 1254
51 388 890
577 51 281
51 890 281
58 1444 541
58 1129 1444
1317 1098 1021
158 1317 1021
1317 158 999
480 934 569
934 480 1097
934 545 569
934 509 545
877 515 917
877 1328 367
877 917 1328
515 877 1192
1469 877 367
1192 877 1469
90 1336 1016
1198 90 742
90 1016 742
1336 90 173
90 52 173
90 1198 52
421 140 1120
140 793 1120
140 421 540
1198 140 540
793 140 1198
848 1282 1308
109 848 1308
1282 848 1078
848 109 1424
848 1205 1078
127 943 979
943 127 587
587 127 524
127 755 524
127 979 755
1100 432 1321
943 1100 1321
432 1100 1286
1286 1100 341
204 943 587
1022 204 587
204 1022 1409
204 1409 341
1100 204 341
204 1100 943
1050 533 707
533 1050 1338
760 533 1338
56 779 216
779 667 216
667 779 1114
779 1053 1114
1175 900 1053
779 1175 1053
1175 779 56
66 377 915
377 95 915
377 518 95
518 377 568
1446 1401 896
1446 590 1401
459 1446 896
1446 459 442
1446 442 493
590 1446 493
1119 193 807
193 1119 26
807 193 199
193 773 199
193 860 773
193 26 860
1398 158 1129
58 1398 1129
158 1398 999
1297 1317 999
1235 1343 191
1317 1235 1098
1235 1297 1343
1297 1235 1317
1235 191 839
1098 1235 839
934 22 509
22 566 641
509 22 641
566 22 1105
22 1097 1105
22 934 1097
1393 848 1424
848 1393 1205
1205 1393 1234
1393 1397 1234
1397 1393 1424
109 11 1424
11 1397 1424
843 109 724
1288 843 1449
843 11 109
11 843 1288
843 1224 1449
843 724 581
1224 843 581
900 1179 1200
1175 1179 900
467 377 66
467 392 568
377 467 568
1397 1494 85
11 1494 1397
1494 11 1288
598 1056 1200
1179 598 1200
752 598 1179
598 752 731
284 598 731
1056 598 284
1400 752 1179
1400 1175 56
1400 1179 1175
