3.979371341712094334e-02 3.927973490643659783e-03
-2.297377926041818674e-02 2.498172643530882295e-02
-1.303125936163292663e-02 1.771748091134336608e-02
5.164993767810836280e-03 1.520736559216457132e-02
-1.869031020697145063e-04 -2.922796182915993538e-02
-5.949492670063540045e-03 3.247830281107218914e-02
2.332698350683671748e-02 1.058748824450267412e-02
-2.254930940876094178e-02 -8.552294199094321106e-03
1.662173001642950829e-02 -1.825277962800595649e-02
2.108563148006519297e-02 1.105175188049998744e-02
1.351703272025634762e-02 -3.550283029429598079e-03
-7.499435521815214778e-03 -2.541669661836207586e-02
2.674233894819362869e-02 -2.750341996862133015e-02
1.052375671125342985e-02 -2.148134131242657174e-02
9.486895226535268372e-03 -2.352168937773292320e-02
8.245149596599393380e-03 2.325073604408557995e-02
-8.182706760030886844e-03 -6.951596403630824934e-03
-1.536940927972714477e-02 2.668311776734075616e-02
9.199959642715943575e-03 -8.786801172973587176e-03
-2.753796782873668691e-02 2.817168268021529118e-03
-3.650374813746286133e-03 -3.566948903672588489e-02
-5.733335227128424569e-03 -3.728238275643587507e-02
1.481364050195536734e-02 2.058809298434698121e-02
-2.473636828651810254e-02 1.732135791949749454e-02
-2.368539560187263304e-02 7.819367657901706015e-03
-5.883662693113269259e-04 9.457377439750110342e-04
-1.679974708157251292e-02 6.297173857419679187e-03
-3.017442702270685048e-02 3.139292560624441092e-03
1.022343305270754024e-02 -2.008891261869905770e-02
-4.580044109409462169e-05 -2.299426628914046089e-02
-2.209250347801359343e-02 5.470870539685978272e-03
1.365467378155631704e-02 -2.496838226669117339e-02
-3.934773037066500827e-03 -3.261617092931046874e-02
3.060955300925987527e-02 -2.227565728131005937e-02
-3.708520739816851403e-02 -8.000000001263524174e-03
1.925701044764915534e-02 2.736801396983012252e-02
-9.253160139077570498e-03 -2.290244081259498743e-02
2.420255479117346120e-02 2.804640170878898442e-02
-4.424314110118462290e-02 -8.000000001789251206e-03
-2.664634213771567214e-02 6.321274956810668880e-03
2.846125691610843292e-02 -3.360495756919226057e-02
-6.815913802357305429e-03 -2.806810133064269533e-02
2.848439196821735478e-02 8.878982663194655333e-04
-7.336593046709601225e-03 2.283962744528187858e-02
-2.390025759628952237e-02 -7.135642346180137707e-03
-4.452616346272639941e-02 2.091804734695780835e-03
6.746026955340414868e-03 8.537607195518841577e-03
-2.505018949556401739e-02 -1.373648100332123048e-02
-1.868342850886334922e-02 -6.650885607685610643e-03
1.756257869763405179e-03 1.881432700647463555e-02
7.337416967753854734e-03 2.362114150489771913e-02
2.268507293492077331e-02 -1.369808255441179456e-02
2.415679933722519879e-02 1.284309083955007848e-02
2.686735957140202330e-02 3.465408694965910197e-02
1.265394859453307375e-02 1.139636210162731615e-04
3.692536472085097832e-02 -8.000000001571186056e-03
-1.710521305151188609e-02 -2.841892152374137989e-02
3.952206091294403062e-02 -8.000000001063302391e-03
2.378060016989301181e-02 -1.169329104913087967e-02
2.031107452776205469e-02 -1.160923825859326228e-02
2.574926481245942353e-02 1.624472428612027536e-02
-4.531508381046536402e-03 2.217129957003231844e-03
-2.894860102425954318e-02 2.052093056361972354e-02
-2.244982851940666158e-02 -1.072767133698132244e-02
-5.485247951798759986e-03 4.326658616202346680e-02
8.565249883858584018e-03 2.507760941348327263e-02
-2.707127404238664214e-02 -8.000000000755855614e-03
2.943560391901727663e-02 2.547394832252767791e-02
-2.774879852071078859e-02 6.131196128174242269e-03
4.434731171191736571e-02 -3.524252080611100114e-03
2.547116966521627279e-02 -7.312285261489523576e-03
-1.297676451807252933e-02 7.595079005945182954e-03
-6.723510174498899088e-03 2.853894433989440788e-02
-2.038312075205427846e-03 8.149286998527570033e-03
-2.470369346690800758e-02 9.590491592764541912e-03
1.443978693245121306e-02 2.575349542405017123e-02
-1.081359857264514029e-02 -2.419330661361390050e-02
6.449989179552264272e-03 2.570306671964397299e-02
3.406003619302012259e-02 2.655780292343747420e-02
1.104886246443927827e-02 -2.239269078891287582e-02
3.073201116853521014e-02 6.351288802166382870e-03
4.983334034019526633e-03 2.102010771728440516e-02
2.875562667491137966e-02 -2.067187496737115521e-02
-2.344154940682017380e-02 -3.133713867012664911e-02
2.695441344553173996e-03 3.009900906351094252e-02
-8.000000000459040958e-03 -2.740837585307412394e-02
-2.294150650725375329e-02 2.754312895774574388e-02
-2.299536997955317977e-02 4.550198834157988433e-03
6.667452830254209060e-03 1.316874436487052227e-02
-1.735036356676143698e-02 2.196726775825621342e-02
2.376393625863002304e-02 1.391167180932064394e-02
4.216804498108357030e-02 3.423269861154386025e-04
-3.463705765563825784e-02 -3.112387295982199306e-02
5.882892218094955099e-03 3.306262611025308218e-02
2.014737759493518549e-02 -1.721433055748035693e-02
-2.683559714173384264e-02 -5.926414913285911815e-03
3.232195115442744113e-03 -3.623853066339250556e-02
-2.230478069524384488e-02 3.087996830893937825e-02
-3.930841166996548557e-03 6.845462239665159321e-03
2.243742584684920230e-02 8.489272437937952359e-03
-4.650000002718814029e-02 3.214982346090732371e-03
-2.964781481958020035e-02 -2.796265129147000941e-02
-3.679155144355080592e-02 2.547784293273105266e-02
1.015944340183330165e-02 2.447520599899670815e-02
-1.083354676454701543e-02 -2.124309401220544555e-02
2.327194174712110541e-02 3.078865966547878960e-02
-2.132927387893165591e-02 -7.821951731623260837e-03
-3.780633138998244769e-02 3.613296181660227008e-03
2.805787922124967568e-02 2.802600218400869148e-03
-7.012150279101600318e-03 -2.471633173644130141e-02
3.807128735573160876e-03 -1.518500149197434500e-02
-2.624424279279266581e-02 3.672835299778235384e-03
2.522360219785733243e-02 -1.579387754804795208e-02
1.833090672469988441e-02 -7.589979741985645838e-03
8.564546126064295425e-03 2.205528257047355278e-02
-5.877115904748278497e-03 -3.428340368651375952e-02
-2.325271774909115977e-02 -1.100426020071196276e-02
3.251962585731867778e-02 3.171457207415019543e-03
-8.625992768217665557e-03 1.196893092916386306e-02
8.000000000776184839e-03 -3.583551635659349560e-02
-8.000000000772168954e-03 4.411535783073720907e-02
-8.000000000769178291e-03 3.380331208659477504e-02
1.418459302744413779e-02 5.757009464426913158e-03
8.453973934216913941e-03 -1.109919763794709954e-02
-2.784584820890763021e-02 1.178086594630713656e-03
5.330659366979826480e-03 3.850467418570519690e-02
-1.473342949040186596e-02 -9.799651362681128554e-04
5.381791899187630089e-03 -2.594776127082393247e-02
-1.088874212789532614e-02 1.353430625077313085e-02
-2.905222799659449434e-02 8.000000000933774058e-03
-3.047842241229401297e-02 -3.237377294058546573e-02
-1.519615563719893016e-02 4.943691444870924011e-03
3.728678707002130999e-02 3.340308742528623389e-03
1.286415987418230121e-02 -2.215801286858012226e-02
3.028667106208731558e-03 -4.650000001438913538e-02
-1.860721338718653028e-02 3.943365965321684458e-03
-2.897125914695906218e-02 5.916928996969006600e-03
-8.181157936371981354e-03 -2.222770343198350942e-02
2.613237626761727092e-02 8.000000000429522903e-03
1.496882033233200423e-03 -1.640757013780508311e-02
2.271894602525789675e-02 1.223987941350286775e-02
-1.071275411956180458e-02 8.624854397482293114e-03
-2.740851188921534023e-02 2.575746623901690319e-02
4.217863480441978730e-02 3.096611541781203649e-03
-2.045728960442781685e-02 -1.292709183515883438e-02
2.724905965225082188e-02 -4.830744004711741077e-03
-2.351181728427392467e-02 -2.419316071501103477e-02
2.736348342456192302e-03 1.040029553507710106e-02
2.517629216913547241e-02 -3.649000068692086901e-02
1.120433716832104631e-03 -4.123296936848046962e-02
-3.305747552266025818e-02 -6.203576297263866876e-03
-1.711364158443427763e-02 2.641227273170802109e-02
1.561456028740580010e-02 2.692826876659971599e-02
1.632496855362085275e-02 -1.378590012107052017e-02
1.717798790835301306e-02 -5.722616501599412861e-03
-6.723580660221442455e-03 -1.997856538297311871e-02
3.517829704170192303e-04 9.518583860917516695e-03
-1.869923144873843548e-02 1.231767743017036024e-02
2.336174664570583870e-02 -1.032109547693813717e-02
-2.172520842384231127e-02 -6.379156206603335544e-03
9.285263279657307925e-03 -2.111399496636685510e-02
-3.541010854111246997e-02 3.035082206041202907e-02
1.465344342894106186e-02 -2.596715192140955017e-02
2.406396400343443001e-02 -1.275025551951055464e-02
-2.208839460761381768e-02 1.464079315798827614e-02
1.184263262222197757e-02 -1.974265298936591501e-02
3.497031881522922204e-03 2.799660429628542460e-02
-3.514790482866181343e-02 2.768712103417279857e-02
-1.877545946678245078e-02 -1.117057910616712536e-02
5.151317556879479904e-03 3.986128307598826859e-03
1.832400347222567366e-02 -1.665863834905412927e-02
2.480824146516875939e-02 -5.786672730750413822e-03
8.000000017836355823e-03 4.650000002182297365e-02
2.499383720209170587e-02 1.368012870667580094e-02
-4.650000002620971462e-02 -5.205463521993713462e-03
1.160690673679038235e-02 -8.292887825671299215e-03
3.706293679990378068e-03 5.941263370921576886e-03
-3.199897759989633883e-02 3.376195300461798388e-02
5.157135729516745815e-03 4.113845506829639370e-02
2.027522994948122506e-02 -4.080055539757987404e-03
-1.950468870366418167e-02 1.021500979447500720e-02
2.926301197190075976e-02 3.649791874602345554e-02
-1.159795228904577508e-02 -2.205636285812705502e-02
-3.938614529061247940e-03 2.620567332857894408e-02
-2.683401318260825175e-02 2.077140492283811521e-02
1.812980925362429538e-02 2.381241684763397287e-02
3.741203135266827923e-03 -2.341051259317074654e-02
1.271699779218428937e-02 -1.270668111296419100e-02
-2.266932587379286157e-02 -1.629605923325197839e-02
-6.797723334015822252e-03 -2.151405733105130752e-02
-2.500520972682755347e-02 -2.635158634414443146e-02
2.466131307812957640e-02 -7.642588839905658550e-03
3.686766233065216173e-03 -4.184125685941233325e-02
-1.681251169634190648e-02 7.944140270279261354e-03
-2.236147472787648055e-02 -1.422021260833626621e-02
5.352204886107175211e-04 4.650000001737842475e-02
-2.308213640874365313e-02 1.147765192944918272e-02
-1.330523349822711372e-02 -3.013811477301148612e-03
2.023545994073987567e-02 1.347888148861411603e-02
-1.663005366963079754e-02 9.700893444110781499e-03
2.714425880517162479e-02 -2.953161074626812696e-02
2.233930785767248434e-02 1.092210073850504587e-02
1.926293975861998950e-02 -1.230937271800152354e-02
-2.228661841459430790e-02 1.672828677969501188e-02
6.972487176235360809e-03 -2.669669115501030476e-02
-2.837647681665226088e-02 -2.318065512440990739e-02
4.145356728448000572e-02 5.762082107203391097e-03
-2.921442001190849638e-02 -1.790071154979984425e-02
-4.087645867101795741e-03 1.175663951668056741e-02
2.032673065327762416e-02 1.497658771708818351e-02
-3.769452716271191189e-02 8.000000001149974380e-03
1.644580446431622442e-03 3.266942218971269352e-02
2.136594336166088015e-02 -1.224815037383521731e-02
-2.156795904925475765e-02 7.462884012228539719e-03
-2.691599555835749030e-02 5.369545694486575760e-03
-3.357209878432952654e-02 4.626980452661144834e-03
-1.880937607268677939e-02 -3.012308453689324650e-02
-9.806381910018329220e-03 -1.562216051125843094e-02
-1.102745503829551110e-02 3.933881943458276097e-03
3.248829375685433063e-02 -1.945041208236445666e-03
-3.060971932873001247e-02 2.907768167198275522e-02
8.000000000915996612e-03 -4.144427397789052225e-02
2.923275167556724577e-02 -6.615089899315943107e-03
-5.236267650604235595e-03 -4.650000000682186913e-02
4.434735368290015911e-02 2.015824270108297536e-03
-2.093677743552047749e-02 -9.027054342154882836e-04
4.476388815140276928e-05 -3.591279731265739975e-03
1.085960010010369667e-02 8.305716955339763341e-03
2.649642526478186363e-02 -4.352534867040713882e-04
1.587833090813610404e-02 7.577900709287649708e-03
-6.038290708938710664e-03 -2.257307531064069520e-02
-2.139421114021118620e-02 -1.230607618564806896e-02
2.202102703904934913e-02 -8.261852048925405478e-03
-2.812922238195840474e-02 4.978319653067879436e-03
2.152432361256393506e-02 -7.064959476732899681e-03
-2.386909807389664753e-02 -1.151156621677925859e-02
-6.211567302518446361e-03 -2.376715449423817336e-03
1.972516505324494254e-02 8.176877825446567799e-03
-3.201192655100522366e-02 5.227821234655933257e-03
-1.136819761076779053e-02 2.300279800086666229e-02
-4.255425199756374122e-02 3.352402161614839119e-03
3.121425036922126969e-03 -1.982944169202312951e-02
2.252279779699395412e-02 -5.976090012897012325e-03
2.708506826288917951e-02 1.834456772100246866e-02
-5.266555552319741179e-03 3.776812034383069533e-02
2.943498350353975553e-03 -7.721542528600859774e-03
-5.372892809766127188e-03 3.519258964862620465e-02
5.815782741824479692e-03 2.485061598756900178e-02
-1.964679502934659275e-02 6.332259718748797263e-03
2.756907138411507710e-02 4.508846108855956748e-03
1.151609632522758268e-02 -2.311048356859030095e-02
-9.573895377955823557e-03 -2.169814624347339224e-02
-2.260871446910859422e-02 -7.379634669396612293e-03
-1.921778883152751305e-02 -4.898104744258999395e-03
3.086844148054057949e-02 -6.240753295954935831e-03
4.368154644263750469e-02 -5.709920550039881103e-03
-1.880127762190280521e-02 2.744116027091010254e-02
-2.305389167869308781e-02 3.318542069260630497e-03
3.486288181321829660e-02 2.354917331040366421e-02
-2.510183497334368685e-02 -1.905979243816543003e-02
-1.060035538972228103e-02 2.428749606948589837e-02
1.256754859236945514e-02 -1.844042149530497610e-02
2.036798975624410160e-02 3.168169826057052468e-02
-2.056348624770892863e-02 9.574890918367722978e-03
1.315481240764539150e-02 1.811520632844247983e-02
5.491503636072790802e-03 -3.435597864848813354e-02
3.953421097381977500e-02 8.000000001318454193e-03
-2.166053588129676286e-02 1.023422652536454432e-02
8.000000000432215194e-03 2.988454209678404264e-02
2.024352175830317416e-02 2.266952148532092037e-02
3.853731967900727445e-02 -2.722361108266606669e-02
-1.272650760004259002e-02 2.227289139120037717e-02
1.757797608366412634e-02 -9.611343781580471840e-03
-4.453230840073806387e-03 3.074152657345115280e-02
-2.027351555636833225e-02 1.300299723069069102e-02
2.240059313173311042e-03 2.314560547398844190e-02
2.079737948012148549e-02 1.642312408529939677e-02
-1.196719436765532503e-02 -2.078397949341439371e-02
-2.530053319849824220e-02 -3.322928401070162491e-02
1.166397867606763436e-02 2.379499109528266168e-02
-2.238368036097490230e-02 -3.369738886986412690e-02
2.373578721483887363e-02 -1.366722095009473802e-02
3.397736223447186694e-03 -1.773225072841827857e-02
6.372615087951657986e-03 -2.378664258279600957e-02
-1.373809203717877084e-02 -2.377722694634708950e-02
3.422944965661103151e-02 -3.692012532054737665e-03
5.768022754200831381e-03 -4.026045745785819530e-02
-9.511730874236049363e-03 1.990311827194120309e-02
3.580037501683632634e-02 5.842379930592812853e-03
2.722361116197041450e-02 3.853731961660322725e-02
8.502319799118264118e-03 -4.513672547198989936e-03
-3.402353697081789835e-02 2.769776916995274688e-03
-4.296967388308328695e-03 -8.639538221799308512e-03
1.268616556764074442e-02 1.961849863093655458e-02
-1.516144113537346017e-02 1.249229847217171556e-02
3.845228727894126064e-02 5.831369683634121844e-03
8.786534482238704188e-03 -2.412797548382925733e-02
3.196855583012766719e-03 -2.167975697784382122e-02
5.574609132396431826e-03 -1.679243036308716158e-02
1.902505324439619089e-02 1.619346124801809145e-02
2.445687032669360047e-03 4.257323604723618066e-02
2.083853754907791928e-02 -1.920529669182915317e-02
2.712613140631114569e-02 8.000000000478251286e-03
-2.354743146937474801e-02 -7.987554227412855049e-03
-2.320210945718883047e-02 5.703240067073007784e-03
3.582296932005467978e-05 3.810844711323736755e-02
1.150805034747730244e-04 3.063983249144857854e-02
-2.389289128351781283e-02 1.146210041133880093e-02
-3.852825428325691148e-03 2.364363329765190730e-02
3.853731966494373939e-02 2.722361109951436375e-02
4.390878849435504543e-03 -3.169900019271743724e-02
7.852419263809230776e-03 -1.548949167048198935e-04
-3.276049848357593872e-03 2.198226329745656821e-02
-4.971807455006137764e-03 -1.500801919716388856e-02
-1.596389845838445606e-02 -1.936514738171895775e-02
3.128900273244532293e-02 2.732335300106168013e-02
-2.099447518952097039e-02 -1.411051139463050282e-02
3.685905825600203217e-02 -2.554534975102247529e-02
1.089449797185429794e-02 -1.066336531139591183e-02
-2.322629316718649237e-02 8.631828532352246730e-03
6.110847050891108148e-03 -2.270686239678140414e-02
-2.126874324135966804e-02 1.580792712132610828e-02
1.810434568967970309e-02 -2.489045409772907072e-02
-4.012027869494069754e-02 -3.249821964175305094e-03
-2.258475798335500551e-02 2.027162524840380592e-02
-2.188214375561865072e-02 -1.786128333685970543e-02
-3.304619720467947414e-03 -6.302390240702927804e-03
-2.585382178476850618e-02 1.884393994014059090e-02
-2.385772169134771706e-02 -1.763493738102650185e-02
4.650000002135173949e-02 3.165260787273676407e-03
1.988950577064514669e-02 2.505243912656498345e-02
2.373984635833893339e-02 -6.362010274285456735e-03
-2.413882956341657435e-02 8.767807107043640302e-03
5.217515618748233899e-03 -1.891546792765417401e-02
-3.081730553316654880e-02 -6.441878684487407566e-03
3.662157833151939886e-03 -1.229289073768338215e-02
-2.290972466719354630e-02 -1.962630781714184633e-02
1.397055379038685333e-02 1.202023298178259841e-02
3.278873836781463769e-02 6.034953077367367089e-04
1.831588680537126618e-02 -2.320145837192252869e-02
1.885471614109719696e-02 4.969365741158438552e-04
8.000000000264307840e-03 -2.621533679022318430e-02
-1.053224346368380852e-02 -2.240801757557767809e-02
-2.290041618984268827e-03 -4.014235803905831339e-03
1.485475678991680145e-03 -5.662465338909197787e-03
1.548219284018553799e-02 1.598119729730209868e-02
-1.150075287635152731e-02 1.635367462339070007e-03
-2.105413505600174304e-02 -9.100229549869252171e-03
1.000115857396029380e-02 2.203695192483171028e-02
-1.189011863419607313e-03 -2.476588586659884961e-02
5.228921607949093935e-03 2.752395133091104645e-02
-3.669251917599079121e-02 -2.906841150428997669e-02
2.610309641599349280e-04 -3.225595540983687559e-02
-3.841380406927145334e-03 -2.356837862696100835e-02
-6.382745741418754080e-03 -1.317873133656881704e-02
1.587714925361688109e-02 -2.719085772620749922e-02
-2.478810196481833275e-02 7.401387187694708457e-03
-1.748846988340869296e-02 -7.983606120455082403e-03
2.396949910674987111e-02 -1.584731269412075969e-02
-1.629671170516124729e-02 -2.089658311493545681e-02
-6.279895385617078815e-03 8.245997815153715063e-03
-3.367116829692014257e-02 3.208976230341000629e-02
-1.402173082382737745e-02 -9.650120307211880813e-03
4.650000002675924726e-02 3.868337622084163383e-04
2.164875009501256511e-02 6.102638644916293618e-03
2.846055991292456566e-02 -8.000000000818402804e-03
1.251032179635910326e-02 -5.914073664078545352e-03
5.243375707239015387e-03 1.934224835101826939e-02
-2.357886150677602349e-02 -3.348714091054366335e-03
-1.695171976138251310e-02 -5.466047743405031897e-03
-1.427363421884072711e-02 2.558734270812301412e-02
6.040043827742317545e-03 -1.164521412549065528e-02
2.134953934274119725e-02 1.272416370873202807e-02
-8.000000000579892204e-03 -2.891004474401855442e-02
-4.161167637439789485e-02 5.583095328697927108e-03
2.204212960654590089e-02 -1.745055028943117217e-02
-1.072536781014671661e-02 2.096783690204007816e-02
-2.646256233960585930e-02 -7.085226176443960161e-03
1.480612048607874917e-02 2.445978747126288655e-02
-1.678532482075252921e-02 1.146808891021638618e-02
-3.853731952763793378e-02 -2.722361117821035098e-02
-1.726663371693822405e-02 2.010257098344132853e-02
-3.853731949697780657e-02 2.722361100745501403e-02
-2.102320803414961178e-02 6.415680507128070434e-03
-2.554850035513378526e-02 2.379458563284192821e-02
2.404481284201450200e-02 1.650765516419710338e-02
-1.609778373430055531e-02 9.124062345174979152e-04
1.836570065352962147e-02 6.575075393975679007e-03
2.206964490831250097e-02 -1.466904134074608484e-02
2.526361019331955712e-02 8.000000000000001901e-03
2.526361019331956059e-02 -7.999999999999996697e-03
-2.526361019331955712e-02 7.999999999999998432e-03
-2.526361019331955712e-02 -7.999999999999998432e-03
9.885413516793114391e-03 -2.241916986112140603e-02
-3.416159110926087535e-03 -4.430343547213613786e-02
-8.329706694298398377e-04 -6.022111641261304604e-03
-1.378399552195104863e-02 -2.263297299295411596e-02
2.215091510607955852e-02 3.346462360895596094e-02
1.917779560315307358e-02 1.260713490599430463e-02
1.964874578996551879e-02 1.114087972943654352e-02
-1.809948687319185359e-02 -1.456287026057008667e-02
1.729202491568751499e-02 1.760599924225574042e-02
-3.772883477014993270e-02 -4.081982122503174763e-03
-3.508835947320208815e-02 -2.377465100907550158e-02
-2.710101986843725663e-02 -1.843397448542554579e-02
-9.616463820532347370e-03 2.258072419686399379e-02
1.875746413517048738e-02 -1.871917569505479259e-02
9.150045313727397239e-03 2.394171562326958755e-02
4.407891579789678660e-02 5.037842045076213436e-03
-1.054288092283143033e-02 2.332760022127504038e-02
1.375416544424067078e-02 -2.383085623880351611e-02
9.158800379105833459e-03 -1.900499717027637550e-02
-2.710260591511283804e-02 3.257363914198044968e-02
-2.785898348140579753e-02 8.000000000769409009e-03
1.354219745613967872e-02 1.432619798562123799e-02
7.349462908809386436e-03 2.238539694978276817e-02
6.219408707522852426e-04 -8.106115639729676026e-03
1.005592778352440257e-02 4.340565881166749164e-03
2.553721148882177210e-04 -2.649876945372863640e-02
-1.256871900258547947e-02 -2.155979065087031826e-02
2.990782927501457397e-02 -2.431470465313566309e-02
2.301730015365138771e-02 1.150940815883710888e-02
1.740900280378088541e-02 -2.872271126254855381e-02
1.807166458820967658e-02 -1.474068035510554472e-02
-1.081683454561433409e-02 6.261772214933747534e-03
-8.469045059895558697e-03 2.322175217116881005e-02
-3.038764240898158414e-03 -4.163008083798539621e-02
-8.646427356818362983e-03 -2.620621441333897440e-03
2.826738705130546828e-02 -2.590858811604168643e-02
-5.130394277610560334e-03 4.650000000412919665e-02
-2.227165016987590895e-02 6.551187804744198345e-03
-2.234073038266780418e-03 -2.320248660884304676e-02
7.301036653779445842e-03 -2.466470101244063948e-02
-1.463270428718355456e-02 2.323923891129943756e-02
2.305263679383682401e-02 -5.824418790957851559e-05
-2.370943353594993572e-02 -9.053008847632737846e-03
-1.092086530117794205e-02 -2.680182999375165659e-03
-3.389918790618784861e-03 -2.175640175161519876e-02
-1.747730977838324318e-02 -2.248566353321340347e-02
1.082433365541398546e-02 2.115160671898687339e-02
-2.857056662302892829e-03 -1.060567087637608388e-02
1.617657458147395144e-02 1.175708766743468851e-02
-2.314579972601160662e-02 1.290433854497129683e-02
-2.539797956854742463e-03 1.804978240021448341e-02
6.263061069653621735e-03 -2.141345740154441957e-02
4.793355449703219119e-03 -2.225313837300960107e-02
-8.761792656201337209e-03 -1.744170371006504780e-02
-2.496599822672665794e-02 2.600846466299247886e-02
1.682750614799236044e-03 1.644513612787134801e-02
-2.351377463831677214e-02 -1.002738515174142128e-02
2.807305380227654093e-02 -3.579061566378841965e-03
-1.789597065615144283e-02 1.478277877538814941e-02
4.422062847560633697e-03 -9.790671396396766896e-03
-6.940226489907137288e-03 2.473779576533065294e-02
-2.435869289090526746e-02 -8.433108017778651738e-03
-2.745159570678118964e-03 2.012700110146558100e-02
-2.418613733246573888e-02 6.053723944784290302e-03
-8.000000000424695168e-03 2.621448655908529754e-02
-6.376077987246429532e-03 1.536624461489742577e-02
-2.405978751188497106e-02 1.274607901887625863e-02
4.149434621580029223e-03 1.595706411048041212e-03
-2.431540214296132318e-02 1.053618610325101138e-02
2.480608083362708868e-02 -1.338156602511839750e-03
-2.332017064007437315e-02 -1.494844899341412313e-02
2.483192295448644407e-02 2.876626802561686562e-03
3.459666137678563819e-02 -2.857296130872983425e-02
-5.557472017706055305e-03 -4.021286086703883961e-02
-2.607342923284925590e-02 -8.000000000537401887e-03
2.930999057118797990e-02 3.917725167206764433e-03
3.481263481547628574e-02 -3.094829579873640754e-02
1.275449580240548692e-02 3.947281174007350596e-03
4.425101813851366889e-02 -8.670216156622668731e-04
-3.321723317166749845e-02 -2.190352466039888549e-02
-1.231445875347361371e-02 1.922121168492205504e-02
-5.618115209286868132e-03 -4.304511664646346741e-02
6.812364302149566224e-03 2.468801409127383342e-02
2.305231639066799079e-02 -2.334991651666754042e-02
1.820106031732203478e-02 -3.795883675466693325e-03
-2.294482598791131381e-02 -1.178302133617855491e-02
3.375029786591430322e-04 -4.650000000380882792e-02
1.381887324990112645e-02 2.261169479141401581e-02
-2.367693200091716688e-02 -4.787297000687645507e-03
-1.552234913008019614e-02 2.972878310574105475e-03
1.152052189098995254e-02 1.880700204974753223e-02
-2.056973770430539292e-02 -1.961922966588087666e-02
-2.998173041708825093e-02 -8.000000001234165714e-03
3.688389478880006733e-02 8.000000001729800497e-03
8.000000000734374533e-03 3.694634397768001288e-02
2.234391827850251352e-02 -1.054634399359292984e-02
2.136700588702326181e-02 1.393602198233190141e-02
1.965479695099091664e-02 -2.820624366955007054e-02
7.618799736649662160e-03 -6.863487565775892862e-03
3.165936455414921497e-02 -4.244606651491860186e-03
-2.268686074596572289e-02 1.369512136867211648e-02
-7.570581923640761803e-03 2.383176462186139752e-02
2.445618653325061509e-02 -1.457013455357057848e-02
2.176292048686693376e-02 1.512036020241038468e-02
-5.322631566563897770e-03 4.045876337410617141e-02
-4.417978846729807285e-02 -3.559105897911212305e-03
-4.168479554708463125e-02 -5.221234106962637476e-03
2.052470753827813008e-02 -1.302112740448520961e-02
-2.490778927480267330e-02 -4.310729241474397025e-03
-2.184290720916896161e-02 2.848697868181297114e-03
3.976951571487372106e-02 1.614220602861168299e-03
-2.948324247091241301e-02 -3.623815239324476752e-03
-4.224519667274253404e-02 8.000000001049957163e-03
-7.993535488129322950e-03 1.888029533998291862e-02
-8.188771933972450665e-03 -2.093777565942812890e-02
-2.243592928816387500e-02 -1.248394923423771369e-02
1.616435731791125707e-02 2.099913214435449732e-02
3.299984862710899497e-02 -5.989060698959177038e-03
5.422025461481226084e-03 -2.849033746608193793e-02
-3.369631593219500620e-02 8.000000001192178467e-03
-1.959503840713994541e-02 -8.424105168904370833e-03
-1.699229122926224078e-02 4.441741028911316835e-03
8.783577983041005247e-03 1.949363684189814663e-02
7.613320486234379826e-03 2.458333379243388822e-02
-1.559430406415466229e-02 2.533799832170781016e-02
-2.572405027421929141e-02 -6.365786539808641377e-03
-2.144619722297666942e-03 4.650000002209873223e-02
3.122045819790426543e-02 -1.990674968242719597e-02
3.675373171512762160e-02 -3.593622751635424783e-03
-2.334030786733420904e-02 1.055339151546506350e-02
-9.628675684580510069e-03 -4.900861179035330244e-03
4.013742992201176085e-03 -2.619427163076759602e-02
-1.788385171143036176e-02 -1.955550686431907145e-02
-1.220330826567155372e-02 -1.606190456105087427e-02
-4.872608408566454817e-04 -1.028308430643573579e-02
-1.996991388765516698e-02 3.128362240508481690e-02
4.144899891277831552e-03 3.165250322798622562e-02
1.220721583545746232e-02 2.352092433444222599e-02
1.220721583545746232e-02 -2.352092433444222599e-02
-1.220721583545746752e-02 2.352092433444222599e-02
-1.220721583545746752e-02 -2.352092433444222599e-02
7.582350138122289501e-03 1.540692086936176590e-02
-1.339216358212153880e-02 -2.058605730468771738e-02
2.134963308865589493e-03 1.272132644636745670e-02
-3.062947555937414051e-03 -1.779362092344141666e-02
7.962440977500474110e-03 -1.340906735106930231e-02
3.001649069870921532e-02 -8.000000000929161428e-03
2.352092433444222599e-02 1.220721583545746752e-02
2.352092433444222599e-02 -1.220721583545746752e-02
-2.352092433444222599e-02 1.220721583545746232e-02
-2.352092433444222599e-02 -1.220721583545746232e-02
-3.194319477706347027e-02 -8.000000001459423027e-03
1.647251141332348526e-02 2.261233148692704670e-02
2.510055141801147485e-02 3.261029189265729489e-02
-7.122322622243511432e-03 2.157878857225473471e-02
3.422896976864022583e-02 -8.000000001575628683e-03
3.524366323527299699e-02 3.051726728905299751e-02
5.526423911277048538e-03 -4.491140425621243672e-04
3.202246195663863149e-02 -3.023637232477202619e-02
-2.009522954010164314e-02 7.479467023345744668e-03
-3.255605931331699565e-02 2.761741615343350428e-02
9.961459782652093073e-03 1.099328079917978075e-02
4.543529263989959377e-03 2.489551587147652290e-02
-1.242208018018984769e-02 2.141272216258499270e-02
2.309377280169731816e-02 2.090189208192462077e-03
-2.976736627784850805e-02 -1.544126578474344863e-03
-2.011157648969273681e-02 -1.166318914198827793e-02
2.100342564325280784e-02 -5.678562371934889851e-03
1.507143636064169762e-02 1.776139655190540206e-02
2.782136484908480714e-02 3.166736741378049086e-02
-2.905379455972645700e-02 -3.670713622423882327e-02
-3.135203499223611356e-02 -4.668268760745086440e-03
1.923422714183321142e-02 -5.698488671518085746e-03
1.426974640640449841e-02 1.927605078555542223e-02
1.910922721395215754e-02 -2.121625080376348532e-02
-2.547511695076535784e-02 -7.298521426908319114e-03
1.504854151123132498e-02 2.323645605083203558e-02
1.328307766439968188e-02 7.876400143366504847e-03
-2.641170319808373856e-02 2.161465554502087043e-03
-1.505626584208713016e-03 -1.272104908826837688e-02
-2.417163435659447010e-02 3.790802295227697558e-03
2.925841037785480506e-02 -3.650252022414138264e-02
-1.809534824173752304e-02 -3.278171781314519456e-03
9.238171675511988243e-03 -1.729540761363665760e-02
2.315120337518962804e-02 -1.289464160432603375e-02
-3.707563436599044943e-02 2.868529624210621257e-02
2.145143866993006604e-02 -2.138207940704364360e-02
2.606414559920871080e-02 1.475043710771130334e-02
-8.257367451964483032e-03 -2.345813143041846141e-02
-7.224674506587177962e-03 -2.285648089743459038e-02
2.122251831433661848e-02 -1.586993116691279987e-02
-5.238480940047258137e-03 -1.470196303598564856e-04
1.722613070237251354e-02 -2.205449451038760805e-02
-1.118109679957506389e-02 -2.311932086495114766e-02
5.655441436794705207e-03 -2.710033010897650724e-02
9.825259794608947467e-03 -1.526424552508693841e-02
-2.028679122312364649e-02 -6.744522975869205947e-03
-2.342519568297360757e-02 1.453887691501878042e-02
-5.050390975991568034e-03 -1.922988683688935801e-02
-1.161507045897028009e-02 -9.508257210426971848e-03
8.894414509631137430e-03 2.168336786783226118e-03
1.320423670677532864e-02 -1.032492428113176985e-02
2.387156396393061084e-02 -2.082250446812676861e-02
-2.761616424647898600e-03 4.177441326841848518e-02
2.341567234309099854e-02 -3.777076219362120787e-03
-1.479054427031373936e-02 -2.452462939517714713e-02
-6.171586762144006498e-03 2.278699439574334573e-02
-2.501063854742861803e-02 8.758878873381748323e-03
2.248086720427294044e-02 1.671917892195334127e-02
-1.601527125274605085e-02 -2.248667341166134606e-02
-1.748792070375236943e-02 -1.297125496059713459e-02
2.748052231522256361e-02 1.616681383777032396e-02
-1.365695552395162007e-02 -1.400920743000381823e-02
2.425966790519280825e-02 1.066388827343912014e-02
-9.675813994497463669e-03 1.816185801822889009e-02
1.394682185867657936e-02 -7.976524117286878587e-03
-1.298601822762603976e-02 -7.383000106163480590e-03
-7.801698733410361228e-03 -1.115674358305114577e-02
-2.284727997941949501e-02 1.547445858432788639e-02
2.368118659570881551e-02 7.458871510760360819e-03
2.131089045051746608e-02 -3.262459896424665245e-02
2.716580696675004528e-02 -8.000000000701517136e-03
2.067086584224903448e-02 -8.614988745502255921e-03
-2.232320257282780634e-02 8.297008127600855043e-03
-2.333210945325718197e-02 1.800305703487933492e-02
3.473789918403287491e-02 3.882796925795873981e-03
-1.052671466902901573e-03 -3.990252794441057071e-02
2.004726700199703157e-02 2.033264898174072521e-02
-1.491907840266037608e-02 -2.190139493391437056e-02
-2.243543608248099730e-02 -9.625363936638264839e-03
2.175626424505680556e-02 3.321959538358416637e-03
-1.728716217592140766e-02 1.313524072600300539e-02
-4.157375467229650415e-03 -2.768822854667766370e-02
-3.285219394230303597e-02 -3.290873667636175226e-02
1.618777491150936998e-02 8.193629384174573680e-04
1.149505156104622776e-02 6.086433840172945572e-03
-1.907956074643358396e-02 -1.271933690415205957e-03
1.040941373179095873e-02 2.331616798178286210e-02
-1.702181749945452511e-04 7.100574655109592563e-03
2.705323354782551357e-02 2.698971512517546814e-02
1.672804705642497169e-02 5.316975038024251976e-03
1.333076426784166740e-02 1.637832895010005868e-02
4.390482088825774232e-03 8.323335149359485999e-03
1.464705645726298647e-02 -2.208424180282488047e-02
-1.727723092989610215e-02 2.357462544546817806e-02
2.136467611353311952e-02 2.903577464383453460e-02
-2.406841635091387308e-02 2.342975740932028150e-03
2.226189615684316669e-02 -1.270546435502926431e-02
1.600506235069989666e-02 1.927828468469313522e-02
2.921359225675057916e-02 3.370324830109007463e-02
3.075387822959631604e-02 3.128622625543349411e-02
1.199543650657870428e-03 -2.476489117331392639e-02
1.499419880789359776e-02 -1.230998214727110213e-02
-3.121486742819338037e-02 3.141392825595636790e-02
9.163015700517715065e-03 1.340430117564553499e-02
3.841582748681068166e-02 -5.726866374479047325e-03
-1.687354870296979082e-03 5.350277929476933425e-03
-8.085922575099919671e-04 -1.700921449451416045e-02
-2.017765509562762134e-03 1.544017460075594941e-02
2.161351286060678861e-02 -2.985726766593318517e-03
6.405254746213237017e-03 2.375121183217767523e-02
2.902462066990643685e-02 2.899524032179769811e-02
-2.282076519691030037e-02 7.501349924042329670e-03
2.572912890343320887e-03 3.978521399117929819e-02
-1.233479139594394203e-02 -6.885707965184153546e-04
4.650000000780794840e-02 8.000000030325407283e-03
1.970339021442889943e-02 -1.547336210394802299e-02
2.376854811667550652e-02 5.218756931127308679e-03
-8.408284585989026644e-03 -1.933348194084943267e-02
8.800975520535643179e-03 8.950956627776526439e-03
7.564579420163684322e-03 1.114661586085033233e-02
-2.623058595746415034e-02 -1.491687746149270195e-02
-3.375430831759576589e-02 -4.130204748515609037e-03
-3.163917165137297011e-02 -3.243942853396672974e-04
-2.157655932247194708e-02 -2.945914600222744595e-02
-1.738395965319874600e-02 -1.773054425945514573e-02
3.622560315259128888e-02 2.829169297641152825e-02
8.000000000722396268e-03 3.184814532842931284e-02
-8.000000000708473377e-03 -3.072033549784055143e-02
-8.000000000718316198e-03 2.960922427978062571e-02
-3.037546115141834258e-02 2.232402348802265887e-02
-2.963779066685360425e-02 3.946311101425382614e-04
-2.804311232813049004e-02 -6.447569562884784356e-04
1.412170405060643973e-02 -1.884056963746279234e-02
-2.300109165400444911e-03 -4.650000001926264670e-02
1.684195557019954256e-02 9.881127118906313581e-03
3.501816807045004393e-02 -2.370445961675017588e-02
4.430165517226950650e-02 -8.000000001259140528e-03
5.242488026779840507e-03 -7.309690297314853057e-03
3.018097775890937751e-02 2.257808793880856923e-02
8.020252922095190418e-03 -2.442038937077288877e-02
1.703113974882689008e-02 -1.157057733391153587e-02
2.483700184495612334e-02 -4.573363726472430384e-03
2.483564935835012519e-02 5.742638693280227059e-03
-2.408431781619347137e-02 -3.539802628496328124e-02
-1.292220422408269301e-02 9.675165666141309975e-03
1.160345651821529170e-03 -2.108122442928651516e-02
2.214025995889586443e-02 -4.589566172842723425e-03
2.117936447283612009e-02 1.310837422934504502e-03
-2.426070881965960643e-02 -2.885895606095543325e-02
1.095150594588646317e-02 -4.157592476104903650e-03
-2.076638058277515200e-02 2.093307994784105765e-03
3.216928154033737997e-02 2.450549953687457955e-02
-2.800233186955564807e-02 1.668862341439031685e-02
-2.462832221653751472e-02 -7.668139717454720665e-03
-1.888406140916034856e-02 2.316848208041732970e-02
-2.056345289056088141e-02 1.961976191237791919e-02
8.000000001032774727e-03 3.429165167955629950e-02
-8.000000001034625677e-03 -3.865283553429679081e-02
-3.083653088283150323e-02 -3.492439969289951041e-02
-3.576994557993541657e-02 -2.895518871900008059e-03
-2.902445917200862854e-02 2.091639245268720870e-03
6.306096429012935170e-03 -2.981544267179214031e-02
-1.842655620483883358e-02 1.654753005316094566e-02
-1.161022588386584342e-02 -2.382126474871641003e-02
-2.868108515769654185e-02 3.707984544918484227e-02
-5.047786052421874420e-03 -1.710563257569802306e-02
-1.596921743625306228e-02 2.114790989053302525e-02
4.809631840327165928e-05 2.649995628996202821e-02
-2.722361108878583458e-02 3.853731953550767336e-02
-3.362028098026281081e-02 -1.511268337714806930e-03
-4.423611327585105085e-02 5.190846933475990778e-03
-2.167153525962548996e-02 8.244112033742340574e-04
2.214684384128089850e-02 -1.160259622585197749e-02
2.800571341119351913e-03 4.535855076171817907e-02
-1.531618401035986406e-02 -1.774766988023045167e-02
3.783257418571648635e-03 -5.253333204743156244e-03
2.143332767551710087e-03 7.897102376694307285e-03
1.256590810204196232e-02 -2.102780646439209727e-02
-2.861396129207343167e-02 3.613782410968306540e-03
-2.120483074888187061e-03 2.333730533137662669e-02
-7.439897315895062715e-03 -2.393303499601441217e-02
-2.682852674276503882e-02 8.000000000588829499e-03
-1.401997596354300889e-03 -1.565849719457633677e-03
1.206790645665883899e-02 2.273124958655850861e-02
-2.649752090613399780e-02 3.624714549358034991e-04
-6.850994943400807134e-03 -1.803408210774909426e-02
7.679245042245775796e-03 -2.147579144542202667e-02
-1.356776750602303738e-02 -2.488147599958974096e-02
-1.329981682600491367e-03 -3.695065183993181263e-02
-1.591100106562877425e-02 -1.380426552874481835e-02
2.604794483341773409e-02 4.873865919683528780e-03
-3.926536068563492299e-02 5.521021688501982945e-03
-3.600705744900399574e-02 1.965720786133341377e-03
1.033959274587432052e-02 -1.292054783901086697e-02
2.000804250299511276e-03 -1.399658940777066818e-02
2.331840987695847807e-03 -2.639720660799012297e-02
-1.340835097915140696e-02 1.394990867938039093e-02
1.058399927172948632e-02 -2.333410953784516642e-02
2.249349851914994591e-02 1.401044338825650770e-02
-6.724280439956240724e-03 -8.934557685810945449e-03
4.643453495630458193e-03 -2.814940416937394482e-03
5.769928669777956744e-04 3.544600586438710621e-02
-2.090246629479319135e-02 1.103631285773413150e-02
2.053806430069500533e-02 1.209996187409806238e-02
-3.114684498941491797e-02 1.983313647414036013e-02
-2.061791772341788759e-02 -3.193162623218048085e-02
-2.813947044588104365e-02 -3.301791989869316130e-02
-3.902566341267578454e-02 -5.883820400940803670e-03
-1.451924604930331791e-02 -2.583295454153346909e-02
-1.863847203405799655e-03 -8.262019647448302223e-03
-1.313810738535650322e-02 2.043134008970515225e-02
4.389479834432841350e-03 -2.486647241618597515e-02
-3.690569387119028294e-02 5.979966511611618275e-03
2.729092251417466683e-02 -3.581938414646296948e-02
2.468523527831955125e-02 -6.780103727033470751e-03
2.509336346810595378e-02 2.257050647240036248e-02
-1.280072833593459865e-02 -2.411443683058566573e-02
-2.767920592384540482e-02 -2.587095988306265665e-02
2.344344777376758740e-02 8.424543722433376625e-03
-4.567489765069227686e-03 2.070513169383121979e-02
5.172934970172413452e-03 -4.388202843378605916e-02
2.193367188746060334e-03 -3.064701272073028226e-02
-4.767823362719851576e-03 -2.242242615752697982e-02
1.796850694290805933e-02 -1.291913515488397890e-02
1.095185242946435968e-02 2.236911594867746489e-02
-2.769371151978021126e-02 3.517706179922704124e-02
5.258094811514554823e-03 4.650000001809231898e-02
-8.000000000867075675e-03 -4.404232805441216092e-02
-2.572884868489221100e-02 -1.681325497136231320e-02
-1.496612736575945492e-02 8.653548856785875376e-03
-3.079996109579670113e-02 1.680699017870993005e-03
-2.502109997451351653e-02 2.151352026950145366e-02
1.127094495177577253e-02 1.500775489413811760e-02
2.002164674773250844e-02 -2.587668463565497359e-02
-2.429243275456553428e-02 -1.605882179600225459e-02
-1.954103501971282686e-02 -2.779133515314951078e-02
-2.908854086554583593e-02 -6.793008263320924646e-03
2.652614004862181504e-02 -7.160493689153446528e-03
-3.480736985690004170e-02 -2.662894052714034551e-02
2.722361107089060761e-02 -3.853731954986912983e-02
-5.238829113241604864e-03 2.889452554279231533e-02
2.260391285973153974e-02 2.375230442252789995e-02
2.028988381795905974e-02 -2.358505120962677698e-02
-2.714985948902391005e-02 -3.515354213922868704e-02
-2.622588926777040183e-02 -3.087621759585238920e-02
-2.270904100572973539e-02 1.212910217595157547e-02
-1.541705976979731996e-02 -7.490609830755612375e-03
2.127079146865514317e-02 7.463639588252873706e-03
-2.770882218719534010e-02 1.861090940062952448e-02
2.220049136262615061e-02 1.300553737594142834e-02
1.922234608361763145e-02 -9.136193676183772955e-03
7.269092242687194561e-04 -3.521568334185466720e-02
-3.161891811713440220e-02 -2.620230475033322876e-03
1.725199195607998032e-02 -2.011513789397268923e-02
-3.607187072192656607e-02 -4.137563398985186062e-04
6.107629696707275908e-03 -4.881085834595440785e-03
-2.088022974269742454e-02 5.192965371107244668e-03
-2.402807555925865965e-02 -5.933044162163750475e-03
-2.539961687184960713e-03 -2.858677429918227153e-02
2.261070678597871045e-02 7.327399374986519331e-03
1.811236217827667111e-02 2.175851644110262523e-02
2.609551925685920509e-02 -8.000000000600445207e-03
1.556096156893492510e-02 -1.009287635327923115e-02
-1.817420306031396898e-02 9.068734174796247091e-03
3.426753866454172043e-02 -2.620213484829588338e-02
8.000000000378315601e-03 2.610740063583338877e-02
8.000000000385415824e-03 -2.894611063149376065e-02
-2.597116010370346256e-02 8.000000000439277253e-03
-6.382216635833828748e-03 1.068979080615179572e-02
-3.193810304347392934e-04 -1.462058158411453507e-02
3.369807897290151739e-03 3.442912389232886949e-02
-3.030658536093045266e-03 -2.488867819462440081e-02
1.283409746781948371e-02 -2.414780596218692177e-02
-3.995152843399782383e-02 8.000000001196081595e-03
-2.284991405914947940e-02 -1.342130501076155800e-02
-3.087888762254623748e-02 4.350724189823105409e-03
-1.872792430858139998e-02 -1.617086736146430836e-02
-9.100208267754254787e-03 2.187483355166182971e-03
-3.835336673440500888e-02 1.084582794448646359e-03
6.781734950103286176e-03 -9.240753856272937092e-03
1.373495215378709410e-02 -2.266276879481624040e-02
-8.000000019059204034e-03 -4.650000000840193853e-02
-1.965117740603787577e-02 -1.777867327609284134e-02
-1.894928509497916316e-02 -2.126310652652786334e-02
2.887101538115793148e-02 5.501261520489204165e-03
3.103827509821851030e-02 1.972456660701425724e-02
4.650000003104227952e-02 -2.402977232032391282e-03
-1.393016988236574737e-02 1.282686737908316811e-03
1.588198717578237842e-02 -2.121349767368759659e-02
-2.412309364782881660e-02 7.062239351555223837e-03
2.052070596105890366e-03 -2.305839974895784045e-02
-2.140878952224221574e-02 -1.029369949808320132e-02
-6.037900669616961397e-03 -3.165333457460253047e-02
-1.233420700371059154e-03 2.157996983956395401e-02
5.331883318600511359e-03 2.595806272633739004e-02
2.383233079991999015e-02 -7.426826264555753260e-03
3.101360650410662362e-02 -3.474732410304200853e-02
-8.386603404718863744e-03 2.206131369182501994e-02
3.056640730269890357e-03 2.483757265433447423e-02
-8.037511686149134693e-03 -2.453943514008517443e-02
2.998062597992954062e-02 8.000000001203249472e-03
-1.893705813967185361e-02 -1.263255913929764093e-02
3.295450389621642356e-02 2.164079541155373293e-02
1.628226708028320327e-02 -7.933116582682291779e-03
-5.904741304471491231e-03 -2.481914674519504829e-02
-8.543802849040240538e-03 7.054551167392964992e-03
-1.682578980144867897e-02 1.835194231528932199e-02
-2.665741533017361095e-02 1.534370684282306170e-02
5.619561440150719171e-03 -3.732870426921321844e-02
-8.722013601805248678e-03 -1.347638542212403409e-02
2.592768504304220067e-02 -1.708801269906260606e-02
-2.477710850930973929e-02 -1.485950810963802653e-02
-2.383656132717044268e-02 -1.384810122321872804e-02
2.637225334246363559e-02 -2.067170381261728210e-02
-2.631923698481389295e-02 1.695475720717040669e-02
3.040937990297667287e-02 2.167780790565817465e-03
-1.501712092468118070e-02 6.827340722294841444e-03
-4.190377827726809307e-02 -8.000000000717228527e-03
-3.082026494296153524e-02 -2.264060496559353736e-02
2.208207362605332097e-02 -2.788603235091429919e-02
-6.042839563243337757e-03 2.728261956575217875e-02
2.029642202377224605e-02 9.843649764571662381e-03
3.311689101773425403e-02 -2.180318250337917943e-02
2.069326055440748671e-02 4.721995872317827879e-03
-1.198935256636789702e-02 -5.053623109158565142e-03
-2.791692462251551057e-02 2.847523682789354638e-02
-3.402857411577217550e-02 5.593618972593134790e-04
5.635547042167756565e-03 -1.402299354196907301e-02
-5.372101146807303079e-03 2.594976935201027610e-02
-7.798737999145773092e-03 2.462833742858841143e-02
2.836255107180293486e-03 3.711721575090473624e-02
2.009269167617899407e-02 -1.028100105750762681e-02
2.611130010567567702e-02 2.977542968248924823e-02
6.959786282551050189e-03 1.950096838076488190e-02
-5.733612989746811328e-03 -6.634576920091839192e-03
-6.959501818941457064e-03 1.651597756217622467e-03
-1.639029118798776552e-02 1.631018631503013822e-02
5.149718346407373450e-03 -2.368974629246260039e-02
4.190718933874838792e-02 -8.000000001066645203e-03
-5.325336779488551789e-03 -2.865403355249118364e-02
-4.295241747965058803e-03 1.654637193725369548e-02
3.043799881080697795e-02 -4.545073198481610764e-04
9.941507409507166493e-03 1.813468072631828701e-02
2.719232767843857753e-03 3.576445396732034522e-03
-2.431021115379478070e-02 1.954426504069988954e-02
2.363023981005165156e-02 -5.174368891047763722e-03
2.326269070164871736e-02 -1.471554045450640391e-02
-2.255078609583795884e-02 -5.296430245042255125e-03
7.595074113713475537e-03 4.318460182332591393e-03
3.910071440928826643e-03 2.620994733766317600e-02
-8.000000001329811428e-03 -3.580544968458299060e-02
1.885197889842348332e-02 4.614645382861434948e-03
-2.477835868551427762e-02 1.346465016802807398e-02
-2.651653332001990913e-03 3.899139754255340207e-02
-1.214731853183000955e-03 -1.944718824184784797e-02
-2.415747020322960709e-02 -2.161709342342907347e-02
-1.769644132114991594e-02 -2.447331682334043246e-02
-1.432716241604121456e-02 -1.609612160554689878e-02
-3.690107214050433043e-02 -2.558736367614824342e-02
-2.510076424501315670e-02 -2.733399830825492243e-03
2.593750041313879970e-02 -5.431028612422962240e-03
1.144643927571404110e-02 -2.390039805106023568e-02
2.627183139748174440e-02 3.469996058929781559e-03
-3.732002301868945094e-03 -2.038164855666947314e-03
2.037130464442623418e-04 1.178320492060298992e-02
8.797170773982364300e-03 6.535145027285185412e-03
-2.729137820772494644e-02 7.125729581844987039e-03
-2.868133310810807787e-03 4.082700306524889760e-04
4.442982395967854693e-03 1.263794919845693740e-02
-1.476567033978591799e-02 -2.059034879610461763e-02
7.559223586960656625e-03 -1.578711284344677321e-02
-2.760133709033845903e-02 -6.984978670032843638e-03
-7.360660686455350668e-03 -1.564081049779787735e-02
7.809919020082082934e-03 2.093845828542175574e-02
7.322825026011755938e-03 -1.817550513829754161e-02
3.145427604671866689e-02 3.430665474778137047e-02
2.560939933670840912e-02 3.692310784358032033e-02
-3.292251666122931325e-02 2.160880821722219874e-02
-1.441591438327111986e-02 -5.311707129652110809e-03
-2.204583895190834891e-02 -3.971721446517418631e-03
-2.085115145615590304e-02 -5.079209108279342418e-03
-2.182496654797264762e-02 9.116884491876016058e-03
-3.557015871860351019e-03 3.323372383384854550e-02
-3.155196484188282219e-02 2.574591395737054964e-02
1.081272901963036166e-02 -1.863034738693972875e-02
2.778229185293551451e-02 -6.907662503758163833e-03
9.567630663958165069e-03 1.613867901613764283e-02
-2.429490491195549808e-03 3.605939313842026345e-02
-2.886358342121855131e-02 -3.035034598706038908e-02
-4.435269809608055613e-02 -7.921900535114704449e-04
1.489376736141030493e-02 2.191861523011128313e-02
-3.557852315007104665e-02 8.000000001155763152e-03
-9.219002210933012822e-03 -9.227136483971077122e-03
3.763464805000019814e-02 -1.506439968695285053e-03
-2.312866877367907026e-02 -6.390899795646862863e-03
-1.809179684018292003e-02 6.895431091717427532e-04
-2.116884901467016439e-02 1.227813529550916827e-02
-1.820725101084133893e-02 2.952095946805029583e-02
3.399929394858237138e-03 1.990032573380463854e-02
6.514971024578955668e-03 -2.568667266191618920e-02
-2.020756365972968191e-02 1.714363937776555019e-02
-2.210937197187023279e-02 -1.152374058302797245e-02
-1.961586603631540558e-03 1.051218456272957034e-02
1.947294835661476584e-02 1.797371086099972676e-02
-2.953131097726389986e-02 1.821760246235319333e-02
1.805188901384867026e-02 1.140103137903452149e-02
1.003903850965630860e-02 -6.447496366022454142e-03
5.268354560908807514e-03 1.058089396253840235e-02
3.387273451999582834e-03 2.178445994552755463e-02
9.274315094169023263e-03 2.482412292997456318e-02
2.950836292581557156e-03 -2.480731436124125611e-02
-1.488028960896604219e-02 1.058223033320356693e-02
-1.003945371622517839e-02 -1.884586286386011680e-02
3.301914113454452321e-02 -3.274178959394205557e-02
-2.410725182432214148e-02 4.966926092863548428e-03
1.251056799495999829e-02 2.123132343113583523e-02
2.473769010711180175e-02 6.859739324668327927e-03
-2.755327170678250476e-02 -1.623956322721595638e-02
-1.295245267624593223e-02 1.185020386361827771e-02
1.174534617850268858e-02 2.185029924327085496e-02
1.150969992560583847e-02 1.708798530443959504e-02
4.198601269054096780e-02 8.000000001391107882e-03
-4.210216298880094742e-04 1.957082941315424485e-02
-1.185280435737360964e-02 -1.840854126555795112e-02
-1.366318865743218480e-03 2.849096171663689434e-02
-2.551263522766790762e-02 7.166271185684867755e-03
-4.650000001821311124e-02 -8.000000021516486676e-03
-2.941084307833556621e-02 -5.206981122763918238e-03
-2.036000538801221310e-02 3.641461495375896470e-03
1.585497761560613478e-02 1.378016205095087925e-02
2.267491081512186188e-02 -1.603532417322982295e-02
1.459191997234110007e-02 -1.162917263982817017e-03
-2.034492460901376337e-02 -3.130096431082414737e-03
6.668879970642972201e-03 -1.994642624301123240e-02
-4.795365205309177863e-03 2.247519430046777955e-02
5.588830730053686267e-03 -2.485039124669718644e-02
2.380717987946382938e-02 9.436356501050961049e-03
1.756046774247506381e-02 2.729489091318912375e-03
-8.049727645063850870e-03 2.057629088823322017e-02
2.654520696170520333e-02 7.011318716547298817e-03
-1.017502041321587287e-02 -2.349080841412896220e-02
-4.603509315343279687e-03 2.492857689862255921e-02
-1.071816874125522921e-02 1.103787954769239535e-02
6.314801893599336982e-03 -3.184623182990700685e-02
9.416562651039227586e-03 -2.203639404038739823e-03
-4.298398983508459718e-03 -3.014404948706558146e-02
-2.517716102224751284e-02 4.324335197296509323e-03
1.624957239219116181e-02 -2.551688681848551452e-02
-2.629142317587910421e-02 7.164133640854616382e-03
-4.650000001117119558e-02 8.000000028079807743e-03
3.950521561474890260e-03 -2.770691932683068751e-02
3.117305267624907381e-02 -2.625650521845889276e-02
1.945151469553325213e-02 -1.386657972340999898e-02
-3.198265305103498851e-02 8.000000001125369062e-03
-2.843280887431310494e-02 7.024122308826773013e-03
2.447910865857176252e-02 -1.015003636447296340e-02
2.725317901584094898e-02 -1.854816814941152511e-02
4.424743449968784187e-02 8.000000000270702030e-03
1.040750924386739558e-02 1.979330862855822534e-02
1.135719048234736135e-02 2.309707217123026582e-02
-3.621295923700836809e-03 -2.625140406564685155e-02
-1.126796766260694353e-02 -1.384803167893858961e-02
2.813196684736483238e-02 2.073694514712473569e-02
2.493070447112854388e-02 2.532428511342618010e-02
4.650000001978424335e-02 5.660196168949152562e-03
-9.571337221118678129e-03 2.471112105133674297e-02
-1.699659867311697006e-02 -1.165963683592828289e-03
8.644177078858967384e-03 -2.505051302062267019e-02
2.136693489550398756e-02 -9.755884684547182217e-03
2.777540429569359468e-02 -2.316087753539583169e-02
3.030283453213168318e-03 1.484025785814832230e-02
-3.793715295748036759e-03 -1.293126753072641397e-02
2.320400328377774171e-02 1.516281041157067563e-02
-6.480791317427396503e-03 2.569531753797175966e-02
-2.495702100505235721e-02 -5.584306744201752992e-03
-2.656648407034497422e-02 -2.101794082179312198e-02
1.779757059243932543e-02 -2.671741192306404181e-02
2.259624361755950203e-02 -9.366697597893056462e-03
6.830049516721866179e-03 -2.806810414364269840e-02
8.729503797040516705e-04 -1.105872254802255615e-03
-2.275043682261051678e-02 1.738514416827781957e-03
-3.273791073751512043e-02 -2.468231189369754150e-02
1.040159245982037826e-03 -1.883728263237403541e-02
-2.153067827937439269e-02 1.348918967879617764e-02
9.453034158492216663e-03 2.087908358004875176e-02
8.000000000994121618e-03 -3.311342299802117611e-02
-4.746259283507634971e-03 -4.325632316074671906e-03
-2.190859913663945578e-03 2.902829287998081979e-03
-1.178409637175565836e-02 2.053659977363007580e-02
-3.559329376354117280e-02 4.227579219976747293e-03
-3.129529815350429178e-02 6.722403669560824378e-03
2.963188927539454898e-02 -4.744820688239123098e-03
-3.026995818491234631e-03 2.494108889336857371e-02
-1.418712566717385964e-02 -1.919282267918261120e-02
2.537291341608806719e-02 2.008363777167247732e-02
1.052243777346771603e-02 -2.432135488215037000e-02
-2.389114938248276115e-02 7.046323529500532565e-04
-1.328644735132615377e-02 -1.777714559257698515e-02
2.915613478834234301e-02 1.784242631187945433e-02
-2.427923944597152120e-02 -1.061925288921873080e-02
-1.987730963007667759e-02 1.165558398485103467e-02
2.835391162078114771e-02 8.000000000948239917e-03
-1.157433221687999107e-02 2.190628645219032042e-02
-1.207814363984727364e-02 2.275529547122817978e-02
2.829204738279782888e-02 -5.519692600425851921e-03
-9.440354300969041115e-03 2.374569429131510867e-02
-1.197563094319386082e-02 -2.285826130380728960e-02
-1.590675551380346317e-02 2.265737012375380194e-02
-5.890739816240624441e-03 2.483872122625443990e-02
-1.947002127544356781e-02 -2.567670549004005473e-02
9.002084787921409148e-04 -1.213848019271616778e-02
1.379962461359585807e-02 2.371750287814389235e-02
-1.479912079174871935e-02 -2.327152133088543004e-02
-1.423898857980494207e-03 -2.138907000782055284e-02
-2.624694602427099857e-02 -3.653467113189608380e-03
2.349353538561782181e-02 3.773854440772664992e-03
-3.961944176098185916e-02 -8.000000001548301584e-03
-1.118390349154498422e-03 2.480156909122668840e-02
-2.218006826211803978e-02 -2.251060166046637851e-03
1.870908303937232273e-02 -1.096024801485829397e-02
1.759025151803773196e-02 2.593076896524713904e-02
4.204161325675561528e-02 -2.659884844421941605e-03
2.080514262950880836e-02 -1.442520633598841535e-02
3.896226604261550115e-03 1.752911984906674325e-02
3.005978744904617972e-02 -2.803482227412983346e-03
-2.419707597712239880e-02 -1.288336748993728839e-02
8.000000000511252665e-03 -4.397707855576737934e-02
8.000000000517655530e-03 4.419442671184645177e-02
3.188128729752279233e-02 -8.000000001067953184e-03
2.452942046154545086e-02 7.703375308268760498e-03
1.404928645977720526e-02 1.695586012672613187e-03
6.201018244434447491e-03 6.317430287655319450e-03
-1.132308567445064126e-02 1.776335112236251609e-02
-1.522488538437907248e-02 -1.183207575184918800e-02
-4.597809898887522152e-03 -2.489658403506346887e-02
2.294322615307036253e-02 6.226126924390848819e-03
2.258998064530527358e-02 -2.542386686196948867e-02
-3.483676695626668207e-02 2.352305843776790820e-02
-3.821587960882294466e-02 -1.575302324129790928e-03
-3.044069864149917884e-02 8.000000001016168219e-03
-5.214558934929212387e-03 -2.100666760017869117e-02
1.945145506968994770e-02 -2.068801442419178870e-03
-1.363070396578965580e-02 2.374466000357277826e-02
-1.920025895026517340e-02 1.381095186091817369e-02
-6.387706702385276616e-03 3.031888277161221001e-02
-2.670221530045814497e-03 -1.527489863198455873e-02
2.385776302978686453e-02 -3.199513903711667662e-02
-4.438055750550185669e-02 8.000000000538297004e-03
-1.570730854066675758e-02 2.396402722742090735e-02
1.982358259971100586e-02 2.797941996393706228e-03
-1.370403684065820901e-02 2.268147646731808603e-02
-7.347700390563038919e-03 2.546097599397143668e-02
4.999773288852484357e-03 2.244461214917007480e-02
1.373258712959410724e-02 2.160157717289240206e-02
2.323410487307164471e-02 -8.293610302554880326e-03
-1.388090931947645774e-02 1.924701875748804220e-02
7.303040173325561595e-03 -2.547382193246090776e-02
3.417731380993480061e-02 8.000000001164532179e-03
2.212709968679957631e-02 2.641230679093853687e-02
8.000000000829326358e-03 -3.073640748994652117e-02
1.744145514587693707e-02 1.530731413903693716e-02
1.343095452731185406e-02 2.054199164968897179e-02
-2.334320403418838064e-02 6.704555313730220685e-03
3.090409723268445694e-02 4.599135103326610144e-03
-2.127404760678037673e-02 -2.456187430719083270e-02
1.288192597249705057e-02 2.315828106288544963e-02
-2.943320455604796562e-02 4.630901243311431534e-03
1.492411420024016520e-02 -1.734974197275578403e-02
2.638323783265373798e-02 -2.484906580998433659e-03
-2.167806444285416603e-03 2.641118351078371521e-02
-2.226733435251940924e-02 -2.689264679870353655e-02
-2.506022185520971612e-02 5.469541851579259005e-03
-3.036396146234641991e-02 5.723619924155932438e-03
7.012873911597344682e-03 -2.511826806473933631e-03
1.325498250568399143e-02 -2.000947135775156538e-02
-1.843077886155515543e-02 7.381338226870854009e-03
2.190551384000159058e-02 1.183250008542338985e-02
-1.916796800629375422e-02 2.372878895440645817e-03
-1.570570117773990165e-02 -3.284823139238005323e-03
-2.525143651160199898e-02 1.412712137682233448e-03
-6.341511901681888205e-03 1.301414364012006865e-02
2.567321062307785506e-02 -3.390729386529773431e-02
4.759511649450863004e-03 2.939113632688742511e-02
2.169451123334436432e-02 1.005046394010924819e-02
-5.314120871557502686e-03 2.379946334547588041e-02
2.308509571661414989e-02 -1.126520012622748458e-02
2.289790268493551578e-02 -1.905745488056946602e-02
6.469984001562956166e-03 2.892633780170165633e-02
-1.358674697710762769e-02 2.161008327037229615e-02
2.281407703617707727e-02 -7.189733847123437604e-03
-3.129302808308348678e-03 4.433035408424218504e-02
8.000000016783420306e-03 -4.650000000178552279e-02
-1.547962107582175756e-02 1.962861553054026653e-02
2.555498907816930801e-02 -2.507055180903947425e-02
-1.081668632761736623e-02 -1.728489203178680197e-02
3.341577996670521376e-03 -3.912619593588533007e-02
4.650000001814197370e-02 -8.000000026000124095e-03
-4.218345796181508824e-03 9.345626450393926254e-03
1.714842707504736150e-02 -1.310991753846301204e-03
-2.352069258328177894e-03 3.081800382536057162e-02
2.271056262785947633e-02 9.660560262062141412e-03
1.215875670296502446e-02 -2.268888327620332407e-02
-2.602826184225277839e-02 4.977909741128673168e-03
8.000000000350983298e-03 2.711563357928067214e-02
2.060703853562554885e-04 2.301499464062457118e-02
3.289919074627051243e-02 2.937973748260315834e-02
-3.444176048114094141e-02 -8.000000001569338576e-03
1.766484490765459631e-02 1.323136890896169614e-02
-5.867340325090135769e-03 2.140484455784866930e-02
5.280164496298717786e-03 2.377561006536170821e-02
-4.035452259882111453e-02 -3.081428011618155102e-04
-1.294275281873502430e-02 2.312434106002810713e-02
2.960233695345152252e-02 -2.833884047719662999e-02
-2.170907176053922874e-02 -1.519757223721991853e-02
3.229996474045117999e-02 -2.805973860916554513e-02
-8.000000019011827002e-03 4.650000001681491024e-02
5.538097945811824331e-03 3.585900623870742765e-02
-1.273003532302656275e-02 2.404374381689940859e-02
2.617949236794910040e-02 -4.109036110584782589e-03
-1.016986644731913362e-03 3.337703013045775768e-02
-6.402641995129880990e-03 1.988652446772705418e-02
-3.367100520937818964e-03 -2.003114284544550705e-02
-1.701745848966744121e-02 2.491463387434201052e-02
7.309811206878400087e-03 -2.372288147119192697e-02
-1.888396869275143358e-02 2.101891981784861571e-02
-2.495335661555884293e-02 6.514786313665259405e-03
5.548261851709540213e-03 -4.650000001551718443e-02
-2.109575629710048333e-02 -1.121797307591887449e-02
2.348846864505638177e-02 1.855793303412837936e-02
-2.436302476363141206e-02 3.225175619119886872e-02
2.006810174561559496e-02 -7.231985526973665895e-03
-1.753533772581479522e-02 -2.646428724354468395e-02
-2.835947866224686892e-02 -8.000000000975407421e-03
-1.474113505575146491e-02 2.202155619630642713e-02
2.313552992257103536e-02 -2.124761131875254391e-03
-1.605952216450953415e-02 -2.539458309983627649e-02
-2.404890097477056787e-02 -1.477033940864034677e-03
-1.667585610566305748e-02 2.798956456093080331e-02
-1.984997543222600386e-02 6.230352233696251785e-04
2.522152327666914856e-02 1.787569057869296471e-02
1.426873310353731286e-02 -1.489102246118694656e-02
-1.852388180339187762e-03 1.301042698277064813e-02
-8.306347224700499747e-05 4.091677044406231284e-02
-2.760907881021736759e-02 -4.514013503171559853e-03
-2.159819255146220793e-02 1.819683741936410637e-02
1.123580095297775465e-02 -1.701220375711378144e-02
8.637159028078284645e-03 -2.239226246619009653e-02
-1.964507702470493639e-02 4.945208389450264988e-03
8.091920682783266400e-03 1.774057749341996157e-02
-8.000000000979409429e-03 -3.292879838782777902e-02
2.475084919847467257e-02 -1.343714070633613734e-02
2.655015970630328695e-02 -3.172925357906122845e-02
-3.126609090528202628e-02 -1.995238239193554072e-02
-2.596742986933760558e-02 -2.373690964364555400e-02
2.305917215594922506e-02 1.305850601791002513e-02
-6.919169724673514960e-03 2.645973241889892566e-02
-1.616029080823414010e-02 -2.388239468337455262e-02
4.650000001746206618e-02 -5.288884886392322161e-03
-2.504509657635945602e-02 -8.659857793279100366e-03
-8.220286768500671346e-03 1.680491531078450243e-02
-1.086096741108119601e-02 1.945328373163092775e-02
-4.968238565899415690e-03 -2.603010958110851120e-02
-2.177398665332530223e-02 -1.327440732144120374e-02
1.138134214098416794e-02 -2.082934430766123293e-02
-1.064110201579855468e-02 2.219705279908656959e-02
-2.089292640238073206e-02 2.896073888294375606e-02
1.895662604869060436e-02 1.432669642749854512e-02
-1.909607295691384370e-03 -2.643110667011909845e-02
-1.653613787446977720e-02 -1.570608346991963708e-02
8.291851032208617106e-03 2.426833337768105961e-02
-6.270334379249312313e-03 1.784910726644159742e-02
-1.341607094589613268e-02 2.472977943740754456e-02
-2.390953726778198909e-02 2.953382634998696910e-02
2.112787447749080866e-02 -1.028585352919230778e-03
2.919596986288523766e-02 -3.082042080733326389e-02
1.181764309806731909e-02 -2.185555269646788368e-02
-1.659969368618242121e-03 -3.398321044108453676e-02
2.322792856542087517e-02 -3.454163707903233627e-02
1.531774616996142008e-02 3.504711199936891459e-03
-2.376979031662470113e-02 9.577704941545599551e-03
-8.982671257160224770e-03 -2.406368386877726778e-02
2.397841018863220916e-02 -1.731521569584631645e-02
-2.078056218195024549e-02 -1.644439828590099628e-02
9.465197343290659635e-03 -2.475197040397646153e-02
2.715576862880140357e-02 5.820214110140092996e-03
4.844135053038183501e-03 -2.066835965043035961e-02
3.742916345316450039e-02 7.640402900902393832e-04
1.476680086553641170e-02 9.725379196495277656e-03
-4.629709862782874739e-03 1.893346379856031964e-02
-1.972441342035445230e-02 1.536795129267470167e-02
-5.745513324320286608e-03 -2.716612734089412368e-02
2.427304674198666259e-02 -8.362896895385279680e-03
-2.693346862375421702e-02 -2.835441941714184066e-02
-6.574024128415096625e-03 3.776086784997625609e-03
-1.272349034686845980e-02 -2.238602607229844485e-02
3.508818996275042679e-02 -1.120708825002186349e-03
-2.216601544690484718e-02 1.274389733483419739e-02
-1.947474929519897938e-02 8.635865961369825275e-03
2.063283234337426591e-03 -4.403033280115126874e-02
2.938859667705446058e-02 -1.807488821677035590e-02
-8.000000000490403024e-03 4.158080211182340474e-02
1.641826440395318526e-02 2.417207038166585900e-02
-2.522807770800468072e-02 1.569654168123931978e-02
-4.650000002703223029e-02 -2.418073347255329710e-03
-1.876344022427232222e-02 2.522972076629878546e-02
1.040023162476440451e-03 -3.814556864804665576e-02
-2.076129497737282115e-02 2.647329913080804717e-02
9.406662020345893035e-03 2.299108275708059909e-02
-3.593226113228814578e-02 -5.766165656194482611e-03
1.227610118445769671e-02 1.021471951256965917e-02
2.162249620426766675e-02 -1.348624043902390233e-02
2.562699206190635973e-02 6.745908193661984131e-03
1.488055636515591904e-02 -5.663989613782249334e-03
2.688796855119164955e-02 -6.135021625178954663e-03
1.550473472229398596e-02 -1.952998017333084160e-02
-1.628562077165074742e-02 -9.732269513251888896e-03
-2.722361107046333481e-02 -3.853731953687109663e-02
3.257046340304940724e-02 -2.425202408030759441e-02
-9.559373215615868391e-03 2.130019908985840427e-02
-2.876385130066223123e-02 3.071518336458081005e-02
-1.997745521383488196e-02 -1.012982346503019451e-02
2.240116917302043334e-02 4.850247595279431889e-03
3.188395216944234223e-02 8.000000000903945488e-03
-2.789550687463801526e-02 -2.837969015482671650e-03
-3.318209186304074687e-02 2.970416497761721453e-02
-8.000000000815148463e-03 3.148694083422582529e-02
-1.274088420629229321e-02 -1.177066316146232160e-02
1.227364525985794735e-03 5.431221145313817368e-03
-3.389941047570127139e-03 2.871567998289527648e-02
6.210469295920043389e-03 3.074864569649595619e-02
-3.034763325359899483e-02 3.541329747579270021e-02
-1.013876962670729083e-02 1.605119220283738463e-02
-1.268256262044670929e-02 -1.957109600861579521e-02
1.201455630568377432e-02 -1.501779925405696478e-02
2.080029735607152180e-03 -2.837289567596288503e-02
-3.477964999894776060e-02 6.193615090446928130e-03
-4.650000003212208244e-02 3.914729314385896369e-04
1.640916569407965819e-02 -1.594842170423740185e-02
-5.275617347760884132e-03 -2.377129146951487484e-02
7.274471789915644415e-03 -2.264938896875985305e-02
-2.599360668836426733e-02 -5.155813279084423516e-03
7.999999999999998432e-03 2.526361019331956059e-02
7.999999999999998432e-03 -2.526361019331956059e-02
-8.000000000000000167e-03 2.526361019331955712e-02
-8.000000000000000167e-03 -2.526361019331955712e-02
1.171329449844862522e-02 2.042779447376810373e-02
2.683819493008689694e-04 1.442965776189110601e-02
2.582804355694223036e-02 5.929769434915634421e-03
-2.473873438483052342e-02 -9.499737945691123786e-03
1.852692794679243818e-02 2.984063642490595095e-02
2.432928753640027295e-02 8.478517753630678347e-03
1.322012746405381613e-02 -1.684973714602701692e-02
-4.219552873574109603e-02 -2.201525740823130455e-03
2.483457093770479254e-02 -9.246301210256050590e-03
8.000000001129362395e-03 -3.863201332970000318e-02
1.934629804340368825e-02 -3.066000652742081542e-02
8.238170038189969804e-03 -2.010841224980461361e-02
-4.609166519565889922e-03 2.741867482419344665e-02
2.829404737255766106e-02 -1.634211068989015019e-03
1.592095128577700885e-02 2.547977014154291509e-02
3.337082349074343285e-02 3.239010714455962947e-02
-1.822329807724960490e-02 1.073935747421527268e-02
-2.616157376532389847e-02 3.046709369190574168e-02
-4.650000002571511026e-02 5.694798478618126082e-03
-6.431635961566174557e-03 -2.379111186731372798e-02
-2.005507144594646796e-02 -1.521002169554089463e-02
3.951989242518100937e-02 -3.436371435451820566e-03
-2.276948065013676900e-02 9.553836880876137236e-03
1.495866142012424772e-02 -2.460855606298160275e-02
2.132610400307547154e-03 -1.016650691423493826e-02
-3.409219274407251921e-03 -3.865688349565167548e-02
8.000000000327895863e-03 4.184194700952622442e-02
-3.173887142429018815e-02 -3.010501682470699547e-02
2.380308479610486125e-02 -9.203043310808324551e-03
-3.018165074604670442e-02 -2.527816592879612509e-02
-1.935010377783344046e-02 -2.331171396678057700e-02
3.570276663624262492e-02 -5.850920429912608890e-03
6.520533471359771759e-03 -2.472413807552329909e-02
-1.946780063784699435e-02 -1.394123923151752500e-02
-2.553444107370027999e-02 3.684814958569649496e-02
2.782995683387764346e-02 -1.651624836301955265e-02
2.006755635225627304e-02 6.375462472713248896e-03
-2.891454963844624151e-02 -2.050147155742921418e-02
4.000078506332999106e-02 -8.828675853323452718e-04
6.373285202961770021e-03 2.115906250191497417e-02
-2.568490271098361477e-02 -3.699861122179762263e-02
-2.562193300314257599e-02 3.434036163197835834e-02
5.212901603290351522e-03 4.375531860078653995e-02
-3.297930429912770273e-02 6.500993180867039277e-03
3.685228966555557234e-02 -2.890864103732874654e-02
2.746609509542433797e-02 2.369468323716891409e-02
-9.713515350687514441e-03 -2.465557985833117041e-02
2.460243236207232745e-02 1.498709447572539773e-02
-1.833830897407169938e-02 -9.628134283741060159e-03
-1.291007155157507420e-02 -2.314260252519623542e-02
-8.593931597276571049e-03 1.430030997846480287e-02
-2.941823690769352490e-02 3.319776925465648537e-02
1.586010820203957380e-02 -3.346559710771363459e-03
6.521627108798750717e-03 1.962535912457523228e-03
2.508551055133404276e-02 -8.542081716585579049e-03
7.307601558673512340e-03 2.547251381163045600e-02
-1.150624055897637305e-02 2.387166580276640568e-02
6.705646523064366996e-03 2.756640150049822005e-02
-2.358444539709346477e-02 3.489815391467165212e-02
-2.073668958497788470e-02 1.436187882319609269e-02
-8.508270149959709650e-03 9.500060394456347201e-03
-1.571296144160469130e-02 1.436949991689901070e-02
1.879594177619685336e-02 9.782803588827049257e-03
-2.309369891866555266e-02 2.273033530940942945e-02
6.244720346550633287e-03 2.261177052568578982e-02
-2.951305479037289251e-02 2.446109120237647400e-02
-6.547813451344608807e-03 2.386799709374740411e-02
2.130230934956330036e-02 -1.098589174021850218e-02
-2.514185207810347086e-02 -3.680685160464883515e-04
-1.893636950556302698e-02 1.853817437073754931e-02
-8.000000000960691762e-03 -4.137584754487292488e-02
-8.000000000947521742e-03 2.813086996110344268e-02
-2.447140821873158151e-02 8.066377114404671075e-03
-8.704299686342561321e-03 2.502968570650448282e-02
2.561761087723898878e-02 -1.430390240138079173e-02
-7.762419390504268248e-03 -4.007988834043964082e-04
-2.875186167261965407e-04 4.377686536282733576e-02
2.763624936275641767e-03 -3.346789615610610419e-02
-2.242110898685492973e-02 1.080924654092646660e-02
-2.724440351813728345e-02 4.201658834848030592e-03
-2.114621091104144750e-03 -3.096180784585807894e-02
-1.448834285658584173e-02 2.071549657247091086e-02
-1.205875808688649381e-02 1.581281914731752850e-02
2.773741971895722289e-02 6.818675218185957752e-03
-4.029510702416110729e-02 2.782196137118129152e-03
-1.027008154370673450e-02 -1.157459049484349523e-02
1.021950963859285383e-02 4.605223161105676872e-05
-8.548791177145942041e-03 2.423188482041097741e-02
3.669404123450036026e-02 2.538033272987784417e-02
1.190635517943744622e-02 -1.963938192666896902e-03
2.332114217643321916e-03 -3.186134671047940493e-03
1.098219750997841103e-02 2.411724149984494428e-02
-2.806702113577520807e-02 -5.783358766932930085e-03
1.767019397510960488e-02 1.974877818602068652e-02
1.281978886975533236e-02 2.224293910184179171e-02
1.648057859985306919e-02 -2.393545628423793606e-02
-2.093140745185785231e-02 8.390057344248195298e-03
2.505237972018916487e-02 -1.882248697660397069e-02
2.271301524034314775e-02 2.087955759341740894e-02
2.488817315122758209e-02 4.425158357146898210e-03
-2.071289607204511787e-02 2.424221214903466565e-02
1.474477817521998744e-03 2.117428886519268083e-02
-4.407611399699532667e-02 -5.916281064788843358e-03
-3.244135090334612781e-02 1.494747773857340234e-03
-5.968450913205027367e-03 -2.581913229000588894e-02
2.454114998871330042e-02 -2.961364541784936369e-02
4.114825996546749715e-02 -5.440976440156905861e-03
-2.575402216137953962e-02 2.797965300866932584e-02
-6.980158908350010856e-03 -2.669315855473783361e-02
2.409627922185621218e-02 -1.102811529927368375e-02
1.357034871205049526e-03 2.840372813063218871e-02
-1.567733773199787156e-02 -2.699104622226095734e-02
-2.443210319976038894e-02 1.468278841509786103e-02
-6.295776158877334355e-03 5.985543679259672234e-03
-4.102400110432490379e-03 4.556227703568085236e-03
1.583780317293561474e-02 -2.274968265462192288e-02
-4.232446491343411915e-02 7.376501388040385349e-04
1.280163438405499191e-02 2.411534287956977607e-02
-2.194002926391976083e-02 1.160367662994442502e-02
8.257633922055366421e-03 -2.334192958973226734e-02
8.000000000471857095e-03 -2.740820736773507543e-02
8.000000000481415421e-03 3.944280299272666379e-02
-8.000000000468420608e-03 3.643698801030294948e-02
-7.210496494801188570e-04 -4.359139896297130334e-02
-5.301211941234573038e-03 -1.097046685400541663e-02
1.083377663954238112e-04 3.425838527053145979e-03
3.069061554639365003e-02 -3.242719378651723328e-02
-2.186497825658244645e-02 3.317868670601811093e-02
3.289470030128571060e-02 5.833603919669323040e-03
1.353162225157667972e-02 2.484533074647402723e-02
-2.577802441115304224e-02 6.143570396209023163e-03
2.187826073329064702e-02 -3.018198515449640323e-02
-7.500716313372961415e-03 2.721876046009909234e-02
-2.478351545193045041e-02 -6.733544532481535588e-03
3.156915470067015415e-03 -7.325663940418815140e-04
-6.787250986276802296e-03 -2.561607352444778690e-02
3.505999627928525070e-02 1.515410262239753371e-03
-3.403540374116103412e-02 -2.889215228277813505e-02
-1.311846482121069475e-02 5.518881542689090501e-03
2.476120964228915519e-02 1.061928784315354594e-03
-2.963394871153740909e-02 2.698938150487935686e-02
2.542683209095342178e-02 7.464998989421713430e-03
2.503979039514712610e-02 8.675188565460244944e-03
3.889213955659497589e-03 2.348003819643542864e-02
-1.451358563612558696e-02 2.442293922969870912e-02
4.117140598010448488e-03 -2.959588337128193566e-02
2.125044009661738315e-02 8.843194167590804483e-03
-2.644646444046634681e-02 -1.683602943455883268e-03
-1.061529004942361222e-02 -7.184100069046962279e-03
-1.720341620933913199e-02 -1.138120256522969463e-02
-1.494442534607488479e-02 1.792574690953171318e-02
-2.153735607996313042e-02 -2.198138755612709383e-02
-1.372617530693726745e-02 -2.166112900917380527e-02
-2.770197714519516755e-02 2.298971291876768588e-02
1.287069228981437170e-02 -2.316452630411790919e-02
2.285068511545972417e-02 -1.206827035527760321e-02
-1.414853014348658664e-02 1.616022702976622691e-02
-2.379261513968089492e-02 1.359834265274040624e-02
-2.279653845580283111e-02 -3.315488498886239727e-04
1.781747908850054435e-02 8.278281213538697322e-03
-8.764658010123878989e-03 -2.500861391519900237e-02
2.386036236019098769e-02 1.152966209567223531e-02
-9.950521474403787453e-03 -2.553968045859220494e-04
-2.974929227131862738e-02 6.932184052217671248e-03
-2.323041639938787373e-02 -1.275138239168533902e-02
-1.113820139572276567e-02 -1.984968358091127733e-02
2.644474008999020409e-02 1.710473849667906244e-03
-9.730951751965330118e-03 -2.039872723636515159e-02
2.910332374767412092e-02 6.806794318392101438e-03
1.158866171592247592e-02 1.266906323087120707e-02
2.393686992996563179e-02 6.503787834458088155e-03
2.438299689214446647e-02 -2.721532721175603034e-02
-1.825383992602222505e-02 5.727538345712003195e-03
1.452198162370377070e-02 -2.061417484963796315e-02
-3.420266544208020593e-02 2.564356420871728715e-02
-3.207550059013591220e-02 -2.726268670998333379e-02
-2.080532551699783642e-02 2.206276721430703441e-02
1.363609144544319918e-02 -2.143316615663986083e-02
-6.441521351843580712e-03 -2.975305990550114812e-02
1.696634019827655826e-03 1.366766912305905461e-03
6.112323477339901348e-03 1.748106387278993562e-02
2.538422577121840149e-02 -2.285092403342531969e-02
-2.523468063355546048e-02 2.968581243498536523e-03
2.192232575505910844e-03 2.640916722567190553e-02
2.663492546819153095e-02 -1.532121699440364658e-02
-7.200487095240264666e-03 -4.659717688450961022e-03
1.479482360140873046e-02 -2.343707389846858002e-02
-2.174674459167717441e-02 4.175462700223116913e-03
1.136633066612965058e-02 2.216132994437135934e-03
-3.231655423972519536e-02 2.377142626086821073e-02
2.567897869054945603e-02 -6.545231292179236847e-03
-2.386231620125649211e-02 1.611108379556328365e-02
1.265575215399249989e-03 2.479961871149373442e-02
2.482515350994525180e-02 -3.117677301946875177e-03
1.688148258680188113e-02 2.819519107978821215e-02
-2.561213794394812462e-02 1.429842947050298518e-02
-8.702787899701915422e-03 4.631672187517332263e-03
6.987988026398307684e-03 2.651962539667204743e-02
-3.967053045274854944e-04 1.710880603574149381e-02
-4.115001456230088506e-03 1.412717038374545174e-02
-3.209460129033462478e-02 3.296994567690375317e-03
2.389220497371715227e-02 3.520591347773255331e-02
2.471983477158520154e-02 9.548809797968347765e-03
8.000000000303476161e-03 2.833783098010060619e-02
-8.000000000311483644e-03 3.901435829620726603e-02
-8.000000000311585993e-03 -2.623578509264115274e-02
-1.341210679986680823e-02 3.437311846653016111e-03
-1.739292578415678817e-02 2.548576915830136867e-03
2.154430021641131829e-02 1.850359959836412813e-02
