5
12
20
24
39
43
47
59
63
67
72
75
134
152
158
161
163
174
183
187
199
206
212
213
227
243
247
253
256
258
273
303
304
327
439
531
539
542
551
556
582
587
590
601
612
627
640
651
663
701
740
741
746
749
770
772
776
822
891
902
987
1104
1140
1213
1217
1249
1300
1305
1313
1325
1330
1336
1338
1346
1349
1359
1390
1467
1473
1476
1480
1489
1493
1503
1525
1535
1539
1586
1631
1643
1655
1677
1679
1692
1753
1774
1780
1837
1839
1856
1863
2010
2020
2074
2078
2094
2166
2173
2189
2205
2231
2234
2244
2259
2398
2431
2433
2484
2488
2543
2580
2615
2673
2675
2695
2845
2846
2850
2852
2855
2873
2924
2926
2930
2952
2958
3027
3034
3040
3045
3053
3093
3096
3106
3136
3208
3263
3315
3325
3364
3439
3442
3464
3466
3477
3504
3526
3534
3556
3560
3569
3585
3615
3618
3620
3621
3682
3709
3713
3718
3732
3734
3735
3813
3815
3820
3842
3850
3887
3888
3891
3917
3947
3956
3958
3959
3981
3990
3992
4011
4013
4032
4048
4065
4082
4106
4130
4135
4139
4141
4144
4161
4172
4173
4175
4181
4202
4211
4212
4215
4217
4223
4226
4229
