0
1
2
3
4
5
6
7
8
9
10
11
12
13
14
15
16
17
18
19
20
21
22
23
24
25
26
27
28
29
30
31
32
33
35
36
37
38
39
40
41
42
43
44
46
47
48
49
52
53
55
56
57
58
59
60
61
62
63
64
65
66
67
68
69
70
71
72
73
74
75
76
77
78
79
80
81
82
83
84
85
86
87
88
89
90
91
92
93
94
95
96
97
98
99
100
101
102
103
104
105
106
107
108
109
110
111
112
114
115
116
117
123
124
125
126
127
128
129
130
131
132
133
134
135
136
137
138
139
140
141
142
143
144
145
146
147
148
149
150
151
152
159
180
181
182
183
184
198
199
200
201
202
203
204
205
206
207
208
209
210
222
223
226
227
228
229
230
231
232
233
234
235
236
237
238
239
240
241
242
243
244
245
246
247
248
249
250
251
252
253
254
255
256
257
258
259
260
261
262
263
264
265
266
267
268
269
270
271
272
273
274
275
276
277
278
279
280
281
282
283
284
285
286
287
288
289
290
291
292
293
294
295
296
297
298
299
300
301
302
303
304
305
306
307
308
309
310
311
312
313
314
315
316
317
318
319
320
321
322
323
324
325
326
327
344
345
346
347
348
349
350
367
368
369
370
371
372
373
374
375
380
381
382
383
384
385
386
387
389
390
391
392
393
394
395
396
397
398
399
400
401
402
403
404
405
406
407
408
409
410
411
412
413
414
415
416
417
419
420
455
456
457
458
459
460
507
508
509
510
511
512
513
514
515
538
539
540
541
542
543
568
569
570
571
572
573
574
575
576
577
578
579
580
581
583
584
587
588
590
591
592
593
594
595
596
597
598
599
600
601
602
604
607
608
617
618
619
620
621
622
633
634
635
636
642
643
644
646
647
648
649
650
651
652
656
657
658
659
660
661
662
663
664
665
672
677
678
679
680
681
682
683
684
685
686
687
688
689
690
691
692
693
694
695
696
697
698
699
700
701
702
703
704
705
706
707
708
709
710
711
712
713
714
715
716
717
718
719
720
721
722
723
724
725
726
729
730
731
732
733
734
735
736
737
738
739
740
741
742
743
744
745
746
747
748
749
750
754
755
756
757
789
790
791
792
793
794
795
796
797
798
799
800
801
802
803
804
805
806
807
808
809
810
811
812
813
825
826
827
828
829
830
831
832
833
834
835
836
839
841
842
858
859
860
861
862
863
864
865
866
867
868
869
870
871
872
873
874
882
883
884
885
886
887
888
889
890
891
892
893
894
895
896
897
898
899
900
901
902
903
904
918
919
920
924
965
966
967
968
969
970
971
972
973
974
975
976
977
978
979
980
981
982
983
984
985
1022
1023
1024
1025
1026
1027
1030
1031
1032
1033
1034
1035
1036
1106
1107
1108
1110
1111
1112
1113
1122
1123
1124
1125
1126
1127
1128
1129
1130
1131
1137
1139
1140
1141
1142
1143
1144
1145
1146
1147
1148
1149
1150
1158
1159
1160
1161
1162
1163
1164
1165
1166
1167
1173
1174
1175
1184
1185
1186
1199
1200
1201
1202
1203
1204
1205
1206
1211
1212
1213
1217
1219
1220
1228
1229
1230
1231
1232
1233
1234
1235
1236
1237
1238
1239
1240
1241
1242
1243
1244
1245
1246
1247
1248
1249
1250
1251
1252
1253
1254
1255
1256
1257
1258
1259
1260
1261
1262
1263
1264
1265
1266
1267
1268
1274
1276
1277
1278
1279
1280
1281
1282
1283
1284
1285
1286
1287
1288
1289
1290
1291
1292
1299
1345
1346
1347
1348
1349
1350
1351
1352
1353
1354
1355
1356
1357
1358
1359
1360
1361
1362
1363
1382
1383
1384
1401
1424
1425
1426
1427
1428
1429
1430
1431
1432
1433
1434
1435
1436
1437
1438
1439
1440
1441
1442
1443
1444
1445
1446
1451
1452
1453
1454
1455
1456
1457
1458
1459
1460
1461
1462
1463
1464
1465
1466
1473
1474
1475
1476
1479
1508
1509
1510
1511
1512
1513
1519
1520
1521
1523
1524
1525
1567
1568
1569
1570
1571
1572
1573
1574
1575
1580
1581
1582
1583
1584
1587
1588
1664
1665
1666
1667
1668
1670
1672
1673
1696
1697
1698
1699
1700
1713
1714
1715
1716
1717
1718
1719
1738
1739
1746
1747
1748
1749
1750
1751
1752
1753
1754
1755
1756
1765
1771
1772
1773
1774
1775
1776
1783
1796
1797
1798
1799
1800
1801
1802
1803
1804
1805
1806
1807
1818
1819
1820
1821
1822
1827
1828
1829
1830
1831
1832
1833
1848
1849
1850
1851
1852
1853
1855
1857
1858
1859
1860
1861
1862
1863
1894
1926
1927
1928
1929
1930
1931
1932
1933
1934
1935
1936
1937
1938
1939
1940
1941
1942
1943
1944
1945
1946
1947
1948
1949
1963
1964
1965
1966
1986
1987
1993
2010
2011
2013
2014
2022
2023
2024
2025
2026
2027
2028
2029
2030
2039
2041
2043
2045
2046
2047
2048
2049
2050
2051
2058
2059
2060
2062
2063
2073
2074
2089
2090
2091
2120
2121
2122
2123
2124
2126
2128
2131
2132
2133
2134
2139
2140
2141
2166
2167
2168
2169
2195
2196
2199
2200
2201
2211
2212
2216
2217
2218
2219
2220
2221
2222
2238
2239
2251
2252
2253
2254
2255
2256
2257
2258
2259
2260
2262
2263
2264
2265
2266
2285
2286
2290
2291
2292
2293
2294
2295
2302
2303
2304
2305
2306
2307
2308
2309
2310
2311
2312
2313
2314
2315
2316
2317
2322
2323
2324
2325
2333
2334
2335
2351
2352
2353
2354
2355
2356
2357
2358
2359
2360
2361
2362
2369
2370
2372
2373
2374
2375
2376
2377
2378
2379
2380
2382
2383
2401
2402
2403
2404
2408
2409
2427
2428
2429
2430
2431
2432
2433
2434
2435
2436
2441
2442
2446
2447
2452
2453
2454
2455
2456
2457
2458
2488
2489
2490
2491
2498
2499
2500
2501
2508
2516
2517
2518
2519
2520
2521
2522
2523
2524
2525
2526
2527
2528
2529
2530
2531
2532
2533
2534
2535
2536
2553
2562
2563
2565
2572
2573
2574
2575
2581
2582
2583
2584
2591
2592
2593
2594
2595
2596
2597
2598
2599
2600
2601
2611
2612
2613
2619
2621
2622
2629
2630
2631
2632
2633
2634
2646
2647
2653
2654
2655
2656
2657
2658
2659
2662
2663
2664
2665
2666
2667
2668
2669
2670
2671
2672
2673
2674
2675
2676
2677
2678
2679
2704
2705
2706
2708
2716
2717
2718
2719
2720
2721
2722
2723
2724
2725
2726
2727
2728
2729
2730
2731
2732
