715 502 1024
726 1023 25
813 572 1089
572 813 1054
689 898 1057
1374 853 610
1349 849 360
1445 1371 2
986 141 1349
141 849 1349
962 986 128
1036 1061 1113
812 1349 360
455 763 1232
763 455 312
43 841 547
1371 1076 2
1451 821 346
821 1451 1364
1364 427 236
427 1451 436
1451 427 1364
61 1403 1237
1403 61 1031
594 608 175
1256 608 847
187 1277 1184
154 1256 847
1142 1341 477
1341 154 477
154 1341 1256
593 1477 417
1477 470 417
229 633 387
1428 434 462
627 340 981
340 627 1142
1258 832 797
832 1258 1462
1277 1295 1184
1295 1111 1184
423 1281 170
1111 1281 1184
406 94 170
1423 744 550
744 1379 719
1379 1423 1023
1379 744 1423
946 156 908
470 628 417
660 1265 1059
1026 689 241
689 1026 898
1413 1015 440
1015 572 440
1089 1015 313
572 1015 1089
1413 743 610
898 1165 1057
1165 537 591
537 1165 898
445 320 444
320 445 881
575 629 976
629 575 1010
126 386 1010
386 482 1496
729 155 591
155 507 189
709 1089 313
709 537 1089
537 709 591
709 729 591
1015 354 313
354 1015 1413
354 1413 610
853 354 610
1005 853 1374
853 1005 217
849 1402 360
1403 1402 1237
294 379 955
962 294 955
624 294 1350
294 624 379
141 424 849
1371 740 128
740 962 128
1445 740 1371
740 1445 1350
294 740 1350
740 294 962
688 962 955
688 141 986
962 688 986
379 199 955
1305 199 379
502 257 1024
1180 1040 1357
1439 1445 2
455 837 312
308 985 1128
985 308 1036
1402 98 360
98 1402 1403
1141 946 208
1141 812 360
812 1141 208
98 1141 360
651 1290 1487
1185 946 908
946 1185 208
1290 1185 908
1185 1290 651
443 651 1487
443 455 1232
458 1203 1339
812 118 1349
118 986 1349
118 1339 128
986 118 128
425 841 43
425 1376 1049
506 982 287
841 982 547
1275 1076 1371
1203 1275 1339
1339 1275 128
1275 1371 128
506 607 1203
607 1275 1203
1275 607 1076
607 506 287
1204 607 287
607 1204 1076
982 1262 287
1262 982 841
821 879 1237
879 821 1364
879 61 1237
1451 657 436
657 1451 346
726 911 907
911 726 25
1031 911 25
61 911 1031
608 806 847
806 608 594
153 767 684
1281 153 1184
153 1281 423
767 153 423
608 366 175
366 608 1256
113 154 847
113 794 1174
627 975 1142
975 1341 1142
1378 975 54
1222 627 981
633 1222 981
1341 10 1256
10 366 1256
10 975 1378
975 10 1341
10 1378 693
366 10 693
1477 1375 54
1375 1378 54
311 1375 593
1375 1477 593
122 633 229
122 628 470
1222 122 470
122 1222 633
895 633 981
633 895 387
1428 557 434
1085 1142 477
1085 340 1142
434 1178 462
659 423 170
94 659 170
1283 730 444
320 1283 444
1258 676 1462
676 1258 1111
1295 676 1111
8 406 170
1258 8 1111
406 8 797
8 1258 797
1281 8 170
8 1281 1111
1207 165 28
165 1207 721
950 693 290
366 950 175
950 366 693
123 823 371
491 950 290
823 452 371
918 576 914
799 744 719
799 491 290
1117 799 290
799 1117 744
1117 311 550
744 1117 550
720 156 631
147 720 635
720 147 156
156 147 908
1342 311 593
311 1342 550
1414 1031 25
628 909 417
46 909 662
227 909 628
909 227 662
678 1231 229
1458 554 1253
554 227 1253
227 554 662
554 1458 647
1231 337 1253
337 1458 1253
6 201 1144
1481 1061 1148
1061 711 1113
1481 711 1061
1112 228 462
228 1428 462
1428 228 1455
1388 906 734
1388 660 1059
464 1428 1455
906 464 1455
557 464 1059
464 557 1428
464 1388 1059
1388 464 906
1079 660 1459
660 1079 1265
612 1079 1459
1026 650 898
650 537 898
650 813 1089
537 650 1089
1084 1165 591
155 1084 591
1084 155 189
353 815 431
815 349 431
29 689 1057
431 29 1057
349 29 431
636 832 1462
730 1190 160
1283 1190 730
1190 393 160
689 297 241
445 186 881
297 186 445
283 320 881
1283 283 1167
283 1283 320
524 755 954
755 186 954
186 755 881
718 901 1212
727 530 1003
1109 530 727
1438 603 1077
603 168 845
168 603 1438
605 1270 1077
1270 1005 1374
1005 1270 605
936 1374 610
743 936 610
427 1474 236
16 743 878
1474 16 878
16 936 743
936 16 1437
715 694 502
1182 694 715
939 386 1496
386 939 1010
939 629 1010
939 1182 629
1122 126 1010
575 1122 1010
1122 575 369
922 1122 369
1259 1438 1077
1138 446 217
916 446 729
916 709 313
709 916 729
354 916 313
916 354 853
916 853 217
446 916 217
1138 956 446
956 1138 967
831 386 126
1495 831 346
386 831 482
831 1495 482
831 657 346
657 831 126
1348 1087 1233
424 1485 849
1485 821 1237
1402 1485 1237
1485 1402 849
321 164 1348
321 1348 1233
944 321 1233
482 514 1496
514 135 1496
688 71 141
424 71 1427
71 424 141
925 263 267
1062 923 976
1180 1447 1040
1447 715 1024
1040 1447 1024
1062 1447 1180
1436 903 1357
903 1180 1357
1058 903 1436
903 1058 501
1087 451 1233
451 624 1350
451 1087 624
1099 1439 2
880 451 1350
1445 880 1350
1439 880 1445
49 966 1487
966 837 455
966 443 1487
443 966 455
723 1061 1036
308 723 1036
723 308 312
837 723 312
1061 723 1148
723 837 1148
1376 1009 1049
1362 1009 1376
1009 260 1049
985 1052 1128
1052 1355 1128
1355 1052 453
942 1067 367
1067 942 49
1328 81 367
81 942 367
942 81 952
1067 1469 367
649 98 1403
649 1403 1031
1414 649 1031
1141 73 946
73 1141 98
156 73 631
73 156 946
73 649 631
649 73 98
1185 1488 208
1488 1185 651
458 1214 1203
1214 506 1203
1355 599 1128
599 1355 43
599 43 547
1152 599 547
978 763 312
978 1152 763
978 599 1152
308 978 312
978 308 1128
599 978 1128
1355 494 43
425 494 1376
494 425 43
494 1355 453
1164 982 506
1214 1164 506
1164 1152 547
982 1164 547
1164 1214 1232
763 1164 1232
1152 1164 763
376 1204 287
1262 376 287
376 1032 1204
1208 376 1262
879 584 61
584 911 61
584 1364 236
584 879 1364
907 584 236
911 584 907
272 806 684
806 272 847
272 113 847
113 272 794
794 615 1174
232 615 1012
806 645 684
645 153 684
187 645 594
645 806 594
645 187 1184
153 645 1184
1222 1074 627
975 1074 54
1074 975 627
1074 1222 470
1074 1477 54
1477 1074 470
895 1093 867
340 1093 981
1093 895 981
1217 1085 652
1217 1178 434
1178 1217 652
1085 1217 340
690 560 242
690 597 652
597 1178 652
500 59 202
59 500 212
659 996 423
996 659 1066
500 996 1066
996 500 202
767 996 202
996 767 423
261 676 1295
1118 165 721
676 1118 1462
261 1118 676
1118 261 165
123 18 823
18 491 823
491 18 950
950 18 175
538 123 371
491 681 823
681 452 823
681 799 719
799 681 491
452 335 371
1189 1295 1277
1189 261 1295
1229 445 444
297 1229 241
1229 297 445
1300 730 160
1300 160 28
988 1375 311
1117 988 311
1378 988 693
1375 988 1378
693 988 290
988 1117 290
726 226 1023
226 1379 1023
1030 907 236
1474 1030 236
1030 1474 878
753 416 395
720 176 635
951 147 635
147 951 912
46 951 635
147 536 908
536 147 912
1014 536 912
536 1290 908
536 1014 1290
460 1423 550
1342 460 550
460 1342 169
122 570 628
570 227 628
1231 570 229
570 122 229
570 1231 1253
227 570 1253
909 892 417
892 593 417
892 1342 593
1342 892 169
678 441 1231
441 337 1231
337 441 973
895 1325 387
1325 895 867
1382 641 401
776 930 647
1458 776 647
964 634 264
776 964 930
964 776 634
1104 299 401
641 561 401
634 561 264
980 6 1144
980 1491 606
6 980 606
960 612 1459
960 1255 1430
1472 711 1481
1388 686 660
660 686 1459
1291 686 734
686 1388 734
686 960 1459
1255 686 1291
960 686 1255
803 1079 612
813 738 1054
738 335 1054
335 738 110
1229 333 241
815 1078 1004
1078 815 353
1084 437 1165
437 353 431
437 431 1057
1165 437 1057
437 766 353
766 437 1084
1408 1283 1167
1408 1190 1283
393 13 160
160 13 28
13 1207 28
79 13 393
79 741 250
741 79 393
1207 1219 721
1219 133 721
13 1219 1207
1219 13 79
29 834 689
834 297 689
834 186 297
186 834 954
1211 418 349
1211 815 1004
815 1211 349
739 524 954
526 1005 605
901 526 605
1005 526 217
526 1138 217
1138 526 967
314 525 359
718 314 1037
50 653 1353
1344 475 516
653 475 247
475 50 516
475 653 50
1285 1344 516
7 622 347
347 1264 513
901 733 1212
733 901 605
733 605 1077
603 733 1077
400 603 845
400 820 1212
733 400 1212
400 733 603
668 314 718
314 668 525
668 718 1212
820 668 1212
923 924 976
575 253 369
253 48 369
253 575 976
924 253 976
924 891 159
891 924 923
135 1121 1496
1121 694 1182
1121 939 1496
939 1121 1182
197 1122 922
868 197 922
197 868 436
1122 197 126
657 197 436
197 657 126
523 1474 427
523 427 436
868 523 436
523 16 1474
16 523 1437
523 868 1437
48 357 369
357 48 513
1270 362 1077
362 1259 1077
155 661 507
507 661 1456
661 956 1456
956 661 446
446 661 729
661 155 729
1454 104 1456
956 1454 1456
1276 1454 967
1454 956 967
1087 157 624
1305 157 1044
624 157 379
157 1305 379
218 1485 424
218 1495 346
821 218 346
1485 218 821
1495 218 1427
218 424 1427
274 940 1044
157 274 1044
274 157 1087
274 1087 1348
1407 1240 789
1240 1407 940
1240 442 789
442 1240 493
87 1476 30
1476 257 502
1476 87 257
800 383 30
1476 800 30
383 800 248
800 1191 248
131 514 482
131 1495 1427
1495 131 482
807 199 1305
1461 1191 135
514 1461 135
1191 1461 248
383 552 213
552 383 248
461 74 1223
74 332 1223
430 383 213
383 430 30
24 332 1361
1311 925 267
304 87 30
430 304 30
304 430 1106
456 304 1106
87 304 958
304 456 958
1447 225 715
225 1447 1062
225 1182 715
1182 225 629
629 225 976
225 1062 976
1062 368 923
368 903 501
368 1062 1180
903 368 1180
1032 473 1204
473 1099 2
1076 473 2
1204 473 1076
1390 966 49
942 1390 49
1390 942 952
837 1390 1148
966 1390 837
1052 1017 453
183 1036 1113
183 985 1036
930 534 647
1192 534 930
534 1192 1469
3 1469 1067
1014 3 1067
3 534 1469
3 1014 912
1290 448 1487
1014 448 1290
448 49 1487
448 1067 49
448 1014 1067
1124 1488 458
1124 118 812
1124 812 208
1488 1124 208
1124 458 1339
118 1124 1339
884 1214 458
1488 884 458
884 443 1232
1214 884 1232
443 884 651
884 1488 651
494 873 1376
873 1362 1376
873 1287 1362
873 494 453
1136 1099 1370
1099 1136 1439
706 944 1233
451 706 1233
880 706 451
706 1358 944
1208 409 239
260 409 1049
1345 409 260
409 1345 239
1046 376 1208
1032 1046 556
376 1046 1032
1046 271 556
271 1046 1047
1047 1046 239
1046 1208 239
1155 271 1047
1063 272 684
1063 767 202
767 1063 684
272 1063 794
59 1063 202
1093 623 867
623 1265 867
1265 623 1059
623 557 1059
623 691 557
691 623 1093
557 691 434
691 1217 434
691 1093 340
1217 691 340
234 560 1174
615 234 1174
234 615 232
560 234 242
560 565 1174
565 113 1174
113 565 154
154 565 477
179 690 652
179 560 690
179 565 560
565 179 477
179 1085 477
1085 179 652
331 758 171
758 331 839
685 904 1162
904 685 171
583 659 94
659 583 1066
1021 232 1012
488 1021 1012
588 538 914
576 588 914
588 1189 1277
1189 588 576
318 187 594
318 18 123
318 594 175
18 318 175
335 871 371
871 335 110
871 538 371
538 871 914
261 928 165
1189 928 261
165 928 28
928 1189 576
918 411 576
1300 411 918
411 1300 28
928 411 28
411 928 576
343 726 907
343 226 726
1030 343 907
226 343 395
344 226 395
416 344 395
1379 344 719
226 344 1379
753 292 440
743 292 878
292 1413 440
292 743 1413
527 753 440
527 572 1054
572 527 440
527 416 753
326 753 395
343 326 395
326 343 1030
326 1030 878
292 326 878
326 292 753
681 245 452
245 344 416
245 681 719
344 245 719
335 1313 1054
1313 335 452
1313 527 1054
527 1313 416
245 1313 452
1313 245 416
649 1271 631
1271 649 1414
1271 720 631
1271 176 720
663 46 662
663 951 46
554 663 662
663 554 647
1075 46 635
176 1075 635
1075 909 46
1075 892 909
1075 176 169
892 1075 169
1325 364 791
364 803 791
803 364 1079
1079 364 1265
1265 364 867
364 1325 867
209 276 299
276 209 496
776 414 634
414 337 973
337 414 1458
414 776 1458
1289 483 293
483 1289 1002
483 264 293
483 964 264
1151 1104 973
441 1151 973
1210 209 299
1104 1210 299
1151 1210 1104
1210 198 209
198 1210 398
1210 1151 398
345 1104 401
561 345 401
1104 345 973
345 561 634
345 414 973
414 345 634
1294 389 1431
1491 1294 1431
980 1294 1491
747 198 398
198 747 372
1120 9 201
747 1120 372
1120 747 9
1127 1435 1144
201 1127 1144
9 1127 201
1450 6 606
99 1435 791
803 99 791
1435 99 1144
650 139 813
139 738 813
139 650 1026
738 139 110
871 298 914
298 871 110
298 918 914
298 333 918
977 1229 444
977 333 1229
730 977 444
1300 977 730
977 1300 918
333 977 918
182 342 104
766 1282 353
1282 1078 353
230 1084 189
230 766 1084
1282 230 1308
230 1282 766
1466 636 1462
133 1466 721
1466 824 636
824 1466 133
1118 1466 1462
1466 1118 721
979 283 881
755 979 881
14 393 1190
1408 14 1190
14 741 393
1039 14 1227
14 1039 741
644 834 29
644 29 349
418 644 349
834 644 954
644 739 954
739 644 418
526 1041 967
1041 526 901
1276 1041 1037
1041 1276 967
1041 718 1037
1041 901 718
535 1276 1037
535 1441 419
535 913 1441
913 535 1037
314 913 1037
913 314 359
1328 415 1353
15 415 114
415 50 1353
415 15 50
555 838 893
838 555 247
275 1481 1148
1432 275 952
1390 275 1148
275 1390 952
1096 1328 1353
1096 81 1328
81 1096 952
1096 1432 952
630 103 407
530 279 1003
1213 1285 516
1213 15 407
50 1213 516
15 1213 50
103 953 407
953 1213 407
1105 959 293
959 1289 293
566 561 641
561 566 264
264 566 293
566 1105 293
826 668 820
668 826 525
252 106 159
106 347 513
106 7 347
7 106 252
1043 235 116
1202 1292 454
449 1043 116
63 449 116
449 63 622
449 1292 1043
231 508 1206
144 231 1206
508 818 1206
818 194 1206
559 1264 1171
1264 559 168
231 559 1171
559 231 144
168 559 845
559 144 845
316 144 1206
316 194 1157
194 316 1206
589 924 159
106 589 159
253 589 48
589 253 924
48 589 513
589 106 513
392 1202 454
938 891 801
44 938 801
938 44 252
938 252 159
891 938 159
891 481 801
1018 481 501
481 1018 801
481 368 501
481 891 923
368 481 923
1337 357 513
1264 1337 513
1337 1264 168
357 1337 1259
1337 168 1438
1259 1337 1438
592 936 1437
936 592 1374
592 1270 1374
592 362 1270
790 922 369
357 790 369
790 357 1259
362 790 1259
1454 277 104
182 277 419
277 182 104
277 1454 1276
277 535 419
535 277 1276
1407 1367 267
1367 1311 267
940 746 1044
1407 746 940
746 1407 267
263 746 267
442 542 789
493 1027 164
1240 1027 493
164 1027 1348
1027 274 1348
274 1027 940
1027 1240 940
1121 972 694
694 972 502
972 1476 502
800 972 1191
972 800 1476
1191 972 135
972 1121 135
199 773 955
773 688 955
773 71 688
180 807 1305
180 1305 1044
746 180 1044
180 746 263
773 860 71
71 860 1427
860 131 1427
552 1385 213
925 1385 263
332 600 1361
74 600 332
430 655 1106
655 24 1106
655 430 213
24 833 1106
833 456 1106
456 833 1169
833 24 1361
24 319 332
332 319 1223
319 1311 1223
655 319 24
1115 456 1169
456 1115 958
1115 990 958
990 1115 1146
111 990 1146
990 111 1471
639 1040 1024
257 639 1024
111 571 1471
754 1032 556
754 473 1032
473 754 1099
1099 754 1370
1017 1095 453
1095 873 453
873 1095 1287
1289 439 1002
439 1028 1002
1136 850 1439
850 1136 381
850 880 1439
1358 850 381
850 706 880
850 1358 706
1136 710 381
710 1136 1370
1177 710 1370
409 405 1049
405 409 1208
405 425 1049
425 405 841
405 1262 841
405 1208 1262
1155 1094 271
1063 875 794
875 1063 59
615 875 1012
875 615 794
1133 234 232
234 1133 242
1133 331 242
331 1133 839
191 758 839
1479 904 171
758 1479 171
1112 1482 1162
1482 685 1162
1482 1112 462
685 1482 597
1178 1482 462
597 1482 1178
889 331 171
685 889 171
889 685 597
331 889 242
889 690 242
889 597 690
1254 500 1066
500 1254 212
1444 577 541
1356 59 212
716 1356 212
875 1356 1012
1356 875 59
1356 488 1012
1356 716 488
1021 1098 232
1098 1133 232
1133 1098 839
588 737 538
538 737 123
737 318 123
318 737 187
187 737 1277
737 588 1277
887 1271 1414
887 460 169
176 887 169
1271 887 176
88 3 912
3 88 534
951 88 912
663 88 951
534 88 647
88 663 647
1097 959 1105
276 947 299
299 947 401
947 1382 401
483 886 964
964 886 930
886 1192 930
886 483 1002
960 1073 612
1073 1294 612
1294 1073 389
1073 960 1430
389 1073 1430
421 1120 201
421 1450 540
6 421 201
1450 421 6
1127 865 1435
865 1127 9
1151 949 398
949 1151 441
949 441 678
1351 949 678
1435 237 791
237 1325 791
865 237 1435
237 865 1351
1325 237 387
489 198 372
489 742 496
209 489 496
198 489 209
762 1294 980
762 980 1144
99 762 1144
1294 762 612
762 803 612
762 99 803
282 1026 241
282 139 1026
333 282 241
298 282 333
139 282 110
282 298 110
251 507 1456
104 251 1456
342 251 104
984 76 1335
586 342 182
586 984 342
76 586 707
984 586 76
724 582 581
582 230 189
582 724 1308
230 582 1308
1443 824 133
979 1321 283
283 1321 1167
296 14 1408
296 1011 1227
14 296 1227
741 905 250
1039 905 741
1338 1238 396
1441 1238 419
1238 1441 396
1238 182 419
621 913 359
1441 621 396
913 621 1441
917 415 1328
415 917 114
917 1028 114
842 555 893
1472 842 893
842 1472 1481
555 842 1432
275 842 1481
842 275 1432
1153 653 247
555 1153 247
1153 555 1432
1096 1153 1432
653 1153 1353
1153 1096 1353
77 838 247
77 475 1344
475 77 247
1251 630 407
15 1251 407
1251 15 114
630 1380 103
1380 630 1003
279 1380 1003
1213 65 1285
953 65 1213
1226 826 820
1422 44 801
1018 1422 801
303 7 252
44 303 252
235 478 116
835 63 1171
63 835 622
622 835 347
1264 835 1171
835 1264 347
435 622 7
435 449 622
303 435 7
435 303 454
1292 435 454
449 435 1292
1453 818 508
478 1453 508
144 1322 845
316 1322 144
1322 400 845
609 592 1437
592 609 362
609 790 362
790 609 922
868 609 1437
609 868 922
542 196 789
196 542 307
196 1407 789
196 1367 1407
1241 180 263
180 1241 807
1385 1241 263
1241 1385 552
131 26 514
860 26 131
26 1461 514
600 391 1361
356 833 1361
391 356 1361
356 391 969
356 969 1169
833 356 1169
616 319 655
616 655 213
1311 616 925
319 616 1311
1385 616 213
616 1385 925
1419 1115 1169
969 1419 1169
1115 1419 1146
990 573 958
573 87 958
87 573 257
573 990 1471
573 639 257
639 573 1471
728 1436 1357
183 872 985
872 1052 985
872 1017 1052
768 727 1003
630 768 1003
959 963 1289
963 439 1289
963 768 439
768 963 727
1132 1177 1370
1132 1094 1177
1094 1132 271
754 1132 1370
271 1132 556
1132 754 556
532 1047 239
1345 532 239
532 1155 1047
70 1479 758
70 191 390
191 70 758
583 388 1066
388 1254 1066
640 716 212
640 1444 716
1254 640 212
1444 640 577
716 1129 488
1444 1129 716
158 1021 488
1129 158 488
191 1343 390
1468 1414 25
1468 887 1414
887 1468 460
460 1468 1423
1023 1468 25
1423 1468 1023
1097 1383 959
1383 1109 727
963 1383 727
1383 963 959
1383 480 1109
480 1383 1097
1382 509 641
886 515 1192
917 515 1028
1028 515 1002
515 886 1002
747 399 9
399 865 9
865 399 1351
399 949 1351
399 747 398
949 399 398
237 1448 387
1448 237 1351
1448 1351 678
1448 229 387
1448 678 229
1120 793 372
793 1198 742
793 489 372
489 793 742
251 137 507
582 137 581
507 137 189
137 582 189
1224 984 1335
1449 1224 1335
36 251 342
984 36 342
137 36 581
36 137 251
36 1224 581
1224 36 984
724 109 1308
1078 1205 1004
1145 1443 133
1219 1145 133
1145 79 250
1145 1219 79
1321 432 1167
943 1321 979
683 1408 1167
683 296 1408
432 683 1167
683 432 1286
1011 683 1286
296 683 1011
905 531 250
531 1145 250
1145 531 1443
1050 1238 1338
586 1050 707
1050 586 182
1238 1050 182
1422 518 568
518 1422 1018
1422 697 44
697 392 454
392 697 568
697 1422 568
303 697 454
697 303 44
945 63 116
478 945 116
63 945 1171
945 231 1171
231 945 508
945 478 508
543 478 235
543 1453 478
1309 1322 316
1309 316 1157
1226 1309 1157
1309 1226 820
400 1309 820
1322 1309 400
1058 1284 501
1284 1018 501
1284 518 1018
196 522 1367
522 461 1223
522 307 461
522 196 307
1311 522 1223
1367 522 1311
26 1119 1461
1241 1119 807
1461 1119 248
1119 552 248
1119 1241 552
728 1123 571
639 1123 1040
1040 1123 1357
1123 728 1357
1123 639 1471
571 1123 1471
1251 348 630
348 768 630
1028 348 114
348 1251 114
439 348 1028
768 348 439
388 51 1254
640 51 577
51 640 1254
58 1444 541
58 1129 1444
1317 1098 1021
158 1317 1021
1317 158 999
934 480 1097
877 515 917
877 1328 367
877 917 1328
515 877 1192
1469 877 367
1192 877 1469
421 140 1120
140 793 1120
140 421 540
1198 140 540
793 140 1198
848 1282 1308
109 848 1308
1282 848 1078
848 109 1424
848 1205 1078
127 943 979
127 755 524
127 979 755
1100 432 1321
943 1100 1321
432 1100 1286
1050 533 707
533 1050 1338
1119 193 807
193 1119 26
807 193 199
193 773 199
193 860 773
193 26 860
1398 158 1129
58 1398 1129
158 1398 999
1297 1317 999
1235 1343 191
1317 1235 1098
1235 1297 1343
1297 1235 1317
1235 191 839
1098 1235 839
934 22 509
22 566 641
509 22 641
566 22 1105
22 1097 1105
22 934 1097
1393 848 1424
848 1393 1205
109 11 1424
843 109 724
1288 843 1449
843 11 109
11 843 1288
843 1224 1449
843 724 581
1224 843 581
