(0.9231349232242868,0.0004656765088243943)
(0.9038244803514779,0.002502860286893727)
(0.9405906009018666,-0.006126990208675323)
(0.9921558432472224,-0.003110355374325748)
(0.9062755387829325,0.0009517786414147938)
(0.9671316972288098,0.003829802413372456)
(1.169469113149051,-0.01084457682618725)
(0.9990958449298816,0.007048490427323492)
(1.021922541367903,0.001833819063560592)
(1.012053353651398,-0.003726601014535134)
(0.9310754786526979,-0.001708049351485493)
(0.9634148510028289,-0.007151458995852618)
(0.9612018114907371,-0.004758044246129907)
(0.9413159515861251,-0.003578322154885942)
(0.8890166642941153,0.00551924331236481)
(0.9095971810784945,0.004251436409997898)
(0.915409981803061,0.002931172436765559)
(0.946735782806832,0.00136391618272059)
(0.958315550196308,-0.003031845843537205)
(0.9233154806830727,-0.0004036840906835367)
(0.956999564091177,-0.003687482828742302)
(0.9035150344808647,0.0008383240305406015)
(1.079487285619229,-0.008511095686753938)
(1.019615229529894,0.002191200848393052)
(1.578959751179829,-0.0277954795138634)
(1.368839859684467,-0.01146099188653686)
(0.9165064275999281,0.01884597896457536)
(1.113428860605606,0.002467435724848429)
(1.148035740863774,0.002278909964852542)
(1.045756246118593,0.004861877924715217)
(0.8619723634321336,-0.005048669519719632)
(1.776236297831677,-0.02906563583611988)
(1.826563164337123,-0.03060932127089969)
(0.9296438953220134,-0.002623320554663797)
(0.9383088053379476,-0.006016121121232776)
(0.9447714287686722,-0.002920523007657134)
(1.130645870798842,-0.02493023888146884)
(1.018017838921684,-0.01040701856909986)
(1.014790048296874,-0.01214774346940921)
(1.033920908783806,-0.01003991961570163)
(1.006333579889896,0.0009134489371068402)
(0.9085000596750754,-0.0009380211142701057)
(0.9302927081289567,0.001002005884365063)
(0.9865707941584959,0.008579937519187057)
(0.9825249590203465,0.009350413535186208)
(0.9699152915053947,0.0003892005909133609)
(0.9631687038406883,0.001881050422454545)
(0.9637090246342628,-0.002163381609333937)
(0.9842174590027924,-0.002339152344238176)
(0.9786159760591178,-0.002224610406380354)
(0.9556614243302293,-0.002209854945479407)
(1.021068566625163,-0.00212351890054852)
(1.080138445729094,-0.004085448553976584)
(1.008766117307269,0.009179560424824684)
(0.9861926547080211,0.009057736810403023)
(0.9930615244845855,-0.006704045916588288)
(0.9542279832161048,-0.004490427609684638)
(1.005731460268008,-0.0108010109801773)
(0.9142399349163833,0.009333432700134744)
(0.9262350706858481,0.006399492434766929)
(0.8993603776468988,0.008270114560346382)
(0.8958649804595797,0.008966818981332315)
(0.8981561427989898,0.01226421368650579)
(1.060258910028161,-0.0008454607704825778)
(1.036351428187012,0.001620190373615498)
(1.03244747115446,0.01523525529442438)
(1.036367549807739,0.004150582981351959)
(1.09621250336764,-0.006875918869525964)
(1.086023867101553,-0.005356149585701311)
(0.9583632539073011,-0.001195966575965695)
(0.9654103902319692,-0.0004585486656086295)
(1.005698077825265,-0.002171534316481923)
(1.047467496723963,-0.004902749771946751)
(1.231677757278302,-0.01348829748667186)
(1.338426084252189,-0.01884578517541549)
(1.120699268843001,-0.006710750629547863)
(1.102210421647309,-0.004813938249011448)
(1.199464694519529,-0.01120550721207397)
(1.244873363762598,-0.01306712387924567)
(1.024475560077063,0.02376732747372561)
(1.372555724438988,-0.005719101393566943)
(1.42773674484551,-0.03645509187341354)
(1.320116359510978,-0.03785063120588891)
(1.837074842412257,-0.03082913446884725)
(1.856727367437947,-0.03157059358310797)
(1.806195042747904,-0.02958348140879229)
(1.644731067836067,-0.02463690126305849)
(1.760161985078097,-0.02907824621771251)
(1.767179737277155,-0.02883578943481724)
(1.281906292094618,-0.01525095799983424)
(1.670144072844452,-0.02705199885947396)
(1.611783631621881,-0.02505567571507185)
(1.522109088465138,-0.02291402939432936)
(1.610377941491139,-0.03219585104453977)
(1.537980202923649,-0.02851552331174179)
(1.361318893556353,-0.01930119063619588)
(1.411841630600354,-0.02225353187027335)
(1.053652024971246,-0.00786257477131481)
(0.9964201577407574,-0.006139597070420862)
(0.9970841811233867,-0.005859767665600388)
(1.694673898261244,-0.03543598291112693)
(1.574243267681055,-0.02996282029854761)
(0.9998754468702252,-0.003941237712620564)
(1.050994831804425,-0.006012225720240029)
(0.999617302952406,-0.004763984179771489)
(1.053917260049849,-0.007506995521376043)
(1.739393177555748,-0.03883998187195009)
(1.771992995594638,-0.04006368095019286)
(1.675490479053072,-0.0309269044005043)
(0.9287458308644695,0.002908736910989383)
(0.9506519540162355,0.0014398607570796)
(0.9502633408002729,-0.006545085698512121)
(0.9528465707522755,-0.005880180675056424)
(0.9582054158112759,-0.01055984862707425)
(0.979319452923138,-4.339881898853876e-05)
(0.9759153921547129,0.0013617081627085)
(0.980230043699286,0.004837716569609128)
(0.9695291278609999,0.007327726729237012)
(1.022510883364381,-0.002775635389794466)
(1.01161729163589,-0.0006282219226582013)
(1.015768043370887,-0.004033849893810468)
(1.018415062243932,-0.00410661840639332)
(1.023101864002351,-0.00437371380503891)
(1.016141309134682,-0.004147018386240952)
(0.9374069625420492,0.002333397991511216)
(0.9807781233190205,0.01040154112790671)
(0.9908978968639267,0.009671313021048764)
(1.014382230502278,-0.00464445801675828)
(1.019132006340281,-0.003899114974086099)
(1.008398616313254,-0.004005595377393052)
(0.9547314639728197,-0.002295084311969218)
(0.9392383141634367,-0.002346283450526724)
(0.9394946534064875,-0.002977924013401819)
(0.9451947860057467,-0.002891762590177005)
(0.9794070612706522,-0.007020876677790388)
(0.9560391968935705,-0.001195414195976181)
(0.9624957802027723,0.0002152490924473488)
(0.9569070428946412,-0.001408376056876352)
(0.9523957727685995,-0.003555966005857626)
(0.8792585003189595,0.007081320234758013)
(0.9945213943330251,-0.002629414885907006)
(1.007853306197764,-0.003148117833766948)
(0.9927762299646473,-0.003622509658247941)
(0.9652790030408944,0.0009096004508896737)
(0.9843869989348207,-0.002452380794458608)
(0.9717159663277806,-0.000640807389548026)
(1.01088448033861,-0.004788618705478037)
(1.002854846860942,-0.004388510791418055)
(1.008675385474142,-0.003941827297819189)
(1.01162044686246,-0.003834067643881522)
(1.011495893426457,-0.00443023619731115)
(0.9300532208887308,-0.002660871437662144)
(0.9338411936684664,-0.002515354695369634)
(0.9222950884306688,-0.001535664439216243)
(0.9111765512148423,2.897133170893184e-05)
(0.909482369466132,-0.0001476380004662679)
(1.868986687518414,-0.04520191958914083)
(1.000628912044131,0.00319044171562103)
(1.054072796436161,-0.004132740969438681)
(1.07553233920301,-0.005646475510887911)
(1.675676586191886,-0.03358207346801504)
(1.763521161007537,-0.03506908757038967)
(1.647671971570917,-0.0361620051763543)
(1.71577028762902,-0.03944258327207179)
(1.049976457045243,-0.002820746490456293)
(1.01842955799001,-0.001566316288250926)
(1.077392554320717,-0.00214715413637614)
(1.07437473885368,-0.001827859176116539)
(1.072733256526886,-0.002537596691098688)
(1.063322989262349,-0.002297594753077901)
(1.183741600063189,-0.005308029139075141)
(1.12714883215082,-0.003542834911676591)
(0.9698406963473233,0.004031394953622472)
(1.146443110476352,-0.003730986491774575)
(1.003606308042861,0.002423605981547604)
(0.9410664948925928,0.003694667368016788)
(0.9485884314505464,0.004130215537267998)
(1.053261989727957,0.0002822309997420016)
(0.945407237936063,0.01104208343225286)
(1.037396782197084,0.00423636947174915)
(1.523506281544903,-0.03327470604996214)
(1.445642549299383,-0.03410046263609002)
(1.775974701643267,-0.03146987796140638)
(1.733354389518175,-0.03118375157829106)
(1.56026181962504,-0.02398910063732048)
(1.628535552294847,-0.02591999701456114)
(1.448996057728119,-0.01556116262840062)
(1.561220358725489,-0.02133123194823499)
(1.262657905871255,-0.005240640622727701)
(1.237816033856834,-0.003386741901885356)
(1.293487336245986,-0.007092743000454605)
(1.368247188786249,-0.01322670156972961)
(1.449008431868959,-0.01708970504578473)
(1.40276993475462,-0.01347242458066041)
(1.236948059453609,-0.004595232514126101)
(1.263260194844742,-0.006365225697049029)
(1.143992916646612,-0.0001940216951175861)
(1.091012912168545,0.000822779509628461)
(0.9937661720438911,0.01545899229293192)
(0.9890623309919404,0.005848920871940009)
(0.9660473479516696,0.004377103215593657)
(0.9711409710638376,0.00403116503780721)
(0.9798616749114222,0.00650358131367933)
(0.9807202216907651,0.008498770055896951)
(0.9906684777570176,-0.003476686334406964)
(0.9984557126089734,-0.007017086288346524)
(0.9803827907051647,0.007330583950248493)
(0.9913056294828799,0.002708728360987859)
(1.001115270516775,0.00537684796452256)
(0.9796355824660222,0.01396238968810144)
(0.9897085195202941,0.01323943397799847)
(0.9773790695227312,-0.004847056910708867)
(0.9600916686098994,-0.009763450401352207)
(0.9753146009516286,-0.01043007252187975)
(0.9978173869095676,-0.01203120945676027)
(1.001379587278277,-0.01344252305889839)
(0.9946496290890474,-0.01730926298076774)
(0.9885056363537994,-0.01393376806229882)
(0.9966394470954102,-0.003903374195018055)
(1.096952556869535,0.006944315722034856)
(0.9755701385905522,0.006015063395147862)
(0.9694892078651839,-0.0001063620241669359)
(0.9251867544062892,0.0002930051785664088)
(0.846958406782964,0.02349498056861399)
(0.8710503332474859,0.02288884565465704)
(0.8709653572441005,0.02620854052505962)
(0.8765825825727777,0.02640325384495175)
(1.634317477429234,-0.03936173279037639)
(1.497784758247688,-0.03705150228821959)
(1.381504722665318,-0.03475162834949718)
(1.389311794985201,-0.03323695995635035)
(1.240509495876637,-0.02732621446327228)
(1.185887505745953,-0.02183411596188134)
(0.8910548711017465,0.002298138089910988)
(0.8817520916790232,0.004974034522259221)
(1.741797848034499,-0.02481536704185057)
(1.014597128284362,-0.006830814503563527)
(0.964794828178187,-0.006429349326793197)
(0.9711614118522867,-0.008432353949991707)
(1.013587800739107,-0.008177741191662202)
(1.007375857607294,-0.010473366886567)
(1.264221990533303,-0.002355136218371512)
(1.382512653782715,-0.007186194224546155)
(1.587812749544948,-0.01726478743923779)
(1.844606090678645,-0.02857413189930755)
(1.070975817101218,-0.001103051628548424)
(0.9634134205679464,-0.001178760852443415)
(0.9611345683878793,0.000804401478869543)
(1.042740209118178,0.006224203784470111)
(1.093634840114149,0.004247625575653272)
(1.029383962667691,0.009113447692508698)
(0.9957237528650742,0.007863511095385183)
(0.894862976856088,0.005746239378834902)
(1.064958024234267,-0.001928314921237571)
(1.119834646275443,-0.00338093552080901)
(1.089914182379638,-0.00341371609565647)
(1.022470092529211,0.0009989997194521948)
(1.246102998897961,-0.03132782731790248)
(1.139484156346694,-0.02729028752264648)
(0.9972847830957606,-0.004227787699578547)
(1.047774396339379,-0.001983162055001274)
(1.032517675189208,-9.081845047199672e-05)
(1.04014397852672,-0.000525912269991951)
(1.012789932126093,-0.004331993159862059)
(0.9718022448473695,-0.005747779884820925)
(0.9611639101915843,-0.003057697087572032)
(0.9803588395780674,-0.008312808304663907)
(1.048914532175355,0.002887410822208312)
(1.07949413470844,-0.001804989762460966)
(0.8980187374945822,0.01369044192307232)
(0.9417159794518193,0.008142744015206517)
(0.8770749861599165,0.01356579417397928)
(0.9000334065599241,0.01073198331119786)
(1.023452073531993,0.00330032234546428)
(0.9954425002297534,0.007399536599085883)
(0.9637852913184231,0.007608804259200694)
(0.9469652044786639,0.00988191466325852)
(0.9387625668995354,-0.002097283563740511)
(0.9107267785338907,-8.120162905760845e-07)
(0.9342140766786311,-0.001393465233703053)
(0.9486328313404566,3.681479304174076e-05)
(0.9883433515165594,-0.0008667324591818794)
(1.03050103443443,0.003932946490601848)
(0.8717590215817203,0.02344402295135137)
(1.008368344254101,0.009346432263038929)
(0.9925002584934237,0.01386742390056124)
(0.9675037777180114,0.003428597722216259)
(0.9674177154443006,0.0003530379110147907)
(0.9233675679426396,0.01236911540768347)
(0.9846556513310332,-0.001665392109200653)
(1.02906648093461,-0.00362614895701014)
(1.01864261045275,-0.002663275634923424)
(0.9943245936326717,-0.002142042692576338)
(0.9582770755406711,-0.00221942436274218)
(1.042303202522484,-0.0002582226613014823)
(0.9697051736088349,0.003214178109229764)
(0.9155016664553046,0.001396954358280081)
(1.020482282461401,-0.001629528512440068)
(1.062928669777033,-0.004824631544512326)
(1.014340212850691,-0.002968270119286185)
(0.8615910337749549,-0.002585215605989395)
(0.9416048594485527,-0.007183246372493605)
(0.8788461690857838,-0.003608844177385198)
(0.9825659399174256,0.009084034860657031)
(0.9777998711922413,0.01057353346639108)
(0.9807941891228303,0.01254620564963687)
(0.9766745226915711,0.002704198957299339)
(0.980563604295854,0.006390269124113628)
(1.002915539726527,-0.00790724259917926)
(0.9954473000298883,0.008025194524070833)
(1.01685890332001,-0.005159316740977369)
(0.9398143984059875,-0.002645776821131744)
(0.9709334607423739,-0.002820027268073316)
(0.9592178341452932,0.01623087106144777)
(1.010423386383779,0.008826660806629772)
(1.011142675061072,0.0002676860835148911)
(0.9921659540061292,0.009236417711519583)
(1.023494847018184,-0.007454013611262402)
(0.9362788330459133,0.003998110754669916)
(0.9306653045283296,0.002345230282910956)
(0.9164270000922422,0.004500068311416489)
(0.9277387621172952,0.001177672221905383)
(0.9485662443072225,-0.0001581484151918424)
(0.9613891226283057,-0.001857819491555815)
(1.010823248788502,0.002924953778886167)
(0.9718909853500839,0.005457255765321295)
(1.037946576583881,0.0008968605680142357)
(1.052453203507638,0.0002022676707613574)
(0.9806265542143922,0.004269619037382242)
(1.029368538060668,0.001312087259035289)
(0.9851357225474533,-0.004477303913295313)
(1.00264913313597,-0.00613766594257477)
(0.9527848877387665,0.0009917906036690024)
(0.955661884163816,-6.281496886045981e-05)
(0.9886218588547313,-0.003324381039793352)
(1.037073243165222,0.02127195296413106)
(1.085007745162974,-0.02374659925688112)
(0.9801098337041544,-0.00598089670634864)
(1.006711990536681,-0.009671634306080857)
(1.086025490403381,-0.002640876764171133)
(1.117457764337257,-0.005151817605156034)
(1.085799927903782,-0.001958711691523614)
(1.155515456152218,-0.00596583177401339)
(1.198638844964992,-0.009870591340035652)
(1.219473510583073,-0.0103550897951034)
(0.9581667251952086,0.02389829630044992)
(0.9251273153273063,0.01231355222093355)
(0.9289022776637375,0.01960692841719806)
(0.9236525012285504,0.01144768162585793)
(0.9378544281832587,0.0237020287121232)
(0.914340156953329,0.01800015279787104)
(0.9285525037455895,0.02284500493289164)
(0.9703512175825544,0.02434849074423471)
(0.8930017574729356,0.01944481649382692)
(0.9047157768724507,0.01552930452299851)
(0.929145730824434,0.005640662669013868)
(1.026622601056578,-0.01806117038927335)
(1.115141760432412,-0.03093820327761995)
(0.8821556193351215,0.005028610120572696)
(1.024489942422105,-0.01285437914389811)
(0.9182744049210496,0.001172253055612331)
(0.9905225927622842,-0.01150864719202157)
(0.8636706318520864,0.007559706029948469)
(0.9121482995934369,0.008638108417664474)
(0.8863511139320526,0.01112678495267856)
(1.483794945064167,-0.00817235868031415)
(1.494283508145885,-0.008965275808242424)
(1.568337987436112,-0.02863835297411793)
(1.540511685679731,-0.01917692632501328)
(1.595760034790999,-0.0203930436000074)
(1.311483422497385,-0.00678635116611346)
(1.169072565708576,-0.01337806791103345)
(1.403580037524829,-0.0201951599024282)
(1.34584830059905,-0.02355953141262191)
(1.074247967344001,0.001812039026400449)
(1.096306592526392,-0.01592995189152681)
(1.160537165094165,-0.02829845733510758)
(1.060884348386417,-0.02792118100934098)
(0.9719739765464351,-0.006857339937705135)
(1.617208193841971,-0.02293604060001771)
(1.684148508068175,-0.02504259608192477)
(1.662325888662243,-0.02683417501552561)
(1.629667344232209,-0.02647300910486306)
(1.20432639361115,-0.01160464335101296)
(1.108626433197023,-0.008332590587344773)
(1.048721171702177,-0.004128235163003311)
(1.377138918153644,-0.0178601779647869)
(1.474119624548961,-0.02162910634060293)
(1.574892277461463,-0.02406558812519097)
(1.565245474145139,-0.02252600553824096)
(1.449951536877719,-0.01821403553234636)
(1.366746523705063,-0.01593750315831879)
(1.413343446146895,-0.02155040754262621)
(1.337934593486963,-0.0168704390591673)
(1.349315447813447,-0.01678876196235047)
(1.552422685080217,-0.02892698818516245)
(1.60820425959685,-0.0315090023255804)
(1.188318404548986,-0.01227029967258571)
(1.116638115204964,-0.009375795549555522)
(1.123676728276863,-0.01011231610820661)
(1.008557234203727,-0.0007503043182162686)
(1.043878871386883,-0.01026701967154924)
(0.9831889624449245,0.001612199612593883)
(0.9701215359591947,-0.01169694423282979)
(0.9958454214745057,-0.007234608986771715)
(0.976467140535102,0.002105138618043914)
(0.971977546988134,0.002518867580222084)
(0.9840697384436625,0.0006919834627246207)
(0.9891117828712497,-0.001850430050122193)
(1.015411772647633,-0.00572784797296356)
(1.014035413810749,-0.005111272608025227)
(1.004452571725401,-0.005371174536636579)
(0.9956370311699428,-0.005327470870932703)
(0.9641698474108724,0.006163807929800226)
(0.9714513049641633,0.008071030799323796)
(0.9847794208082189,0.002325304145693466)
(0.9677857852559922,0.0005470230021958646)
(0.9717654221542217,0.008800732541961235)
(0.977973626112736,0.006385412480842346)
(0.9897059131309267,0.004559277876625656)
(0.9564673991187859,0.004111220840638665)
(0.9585882155665977,0.008231275117123195)
(1.007628438832906,-0.002121102206788426)
(1.002550899264502,-0.0003635025181463046)
(0.9374087610781496,0.007106665231040451)
(1.010925224764892,-0.0008698225813077955)
(0.9563167388301463,0.006417876052099033)
(0.9567320959507156,0.008681034781840924)
(0.9642501159406694,0.01028697578543699)
(0.9688788033310274,0.01030983801747628)
(0.9383481269066014,-0.001049505318352585)
(0.9911799689751157,-0.003433029896971337)
(0.9977055975942752,-0.00232741950641949)
(1.014016240620415,0.002195279784494625)
(0.9624740782201077,-0.002006156484681825)
(0.9609726254560953,-0.0008210965360266931)
(0.9543852115721598,-0.001902967868623774)
(0.9738647188897297,-0.005874430701688696)
(0.9650494549690752,-0.004957893358479101)
(0.9512399937551593,-0.003688439921380921)
(0.9515059605532519,-0.003024883587239123)
(0.9564738780188018,-0.004166773435951514)
(0.9785217864403274,0.002498730336199823)
(0.9887359650189849,0.004171923060422859)
(0.8902241435049715,0.006285083201843681)
(0.8804685158419382,0.006996492568241635)
(0.8844485808170843,0.006915366197224817)
(0.9009136981459457,0.006178232718562417)
(0.9169849201336147,0.005553245030269931)
(0.9245499309960878,0.005520176930805394)
(0.9746124570304648,0.00690354156108347)
(0.9734638327136107,0.004023293150190945)
(0.9317036751701414,0.007371872220992491)
(0.8893865746745455,0.007349334490182794)
(0.9587882037106488,0.007429275882425166)
(0.9795308470450996,0.007555294053287326)
(1.00236504921263,0.007805098968542551)
(1.009076410723977,0.008221112541763399)
(1.010551582120857,-0.002676091651695186)
(0.8790662852421861,0.00616507680262579)
(0.8884877646984471,0.005576990115498426)
(0.880479545539225,0.005353659795762904)
(0.8872979282273796,0.00375319988971432)
(0.890504715157188,0.002915457054928591)
(0.8924599736993636,0.00380512658757031)
(1.029404236222766,0.002377511822652907)
(1.025845758784945,-0.007988943165801603)
(1.025506996701615,-0.008641740632878881)
(1.917766716645971,-0.04913618097897163)
(1.967210772338349,-0.05526270216198895)
(1.959035486103469,-0.05309266699845162)
(1.943081009751085,-0.05723992055395812)
(1.897045076395673,-0.0580743138030053)
(1.361763340320629,-0.04654343015795517)
(0.9478239632599443,-0.01021968815580245)
(0.9449760775621479,-0.01220538309779556)
(1.057232828045378,0.009860439366804042)
(1.018779266629861,0.00691751505821412)
(1.024059411142622,0.01114649339020928)
(0.9978450951113498,0.005008537028859078)
(0.9432338519462392,0.001865641865225316)
(1.413900831604597,-0.043882092175993)
(0.9107498348656556,0.00213636425401623)
(0.9279403779729177,0.008300769875888439)
(1.007929216813569,0.0002805732556079116)
(1.006539505122267,0.002738640943688996)
(1.000419710121172,0.0008771569513700019)
(1.002446667589975,-0.03228295390709464)
(1.267079136224375,-0.04784635336817938)
(1.150185485143705,-0.04095502344281121)
(1.015948434808018,-0.03289158424285184)
(0.9589655377930021,-0.02301886853529134)
(1.020884739070563,-0.002069165846716956)
(1.04833404752588,0.0004328217542429713)
(0.9910963007613055,-0.002020783080370249)
(1.036092926518687,-0.0006095064222487989)
(1.022614262320663,-0.002911149421611025)
(1.014489543092167,0.0007434336691117255)
(1.0347239082698,-0.001701442816438945)
(1.029921810064775,0.0006185391156559504)
(0.9819979460861056,0.007960579763876144)
(0.8688891409973889,0.02020181661050845)
(0.9106103037803757,0.01821466384015592)
(0.9476992243505711,0.0115610035894666)
(0.9973559852071834,0.001915796107806676)
(1.070632854627351,-0.00161506414384672)
(1.134233953900023,-0.002565897899559942)
(1.301979714705618,-0.009275304405501641)
(1.19229488265862,-0.005066106576773591)
(1.630810112669816,-0.02272581876450441)
(1.658524724893812,-0.0335007450175088)
(1.660330467715109,-0.03909481164195022)
(1.520456364283614,-0.03212664982477263)
(1.525812925706151,-0.03537118456733188)
(1.887608140709926,-0.03442223275525112)
(1.872758191708391,-0.03537274483599596)
(1.099501572678073,-0.002139331488663542)
(1.150377508098769,-0.00447846292637941)
(1.101530810740717,-0.002483351656504294)
(1.141189104616543,-0.004000107539479625)
(0.984976320343294,0.002557700110221571)
(0.978932999816215,0.00359248593855913)
(1.031384407828097,0.0005261538491424641)
(1.050767963633752,-0.001079327317629392)
(1.073061622203169,-0.001290672374137049)
(1.009741536208895,-0.0003183762689687377)
(0.9740179618003795,0.001241246926907998)
(0.9769816114336888,0.002007133113330838)
(0.8661572967437354,2.355634193809024e-05)
(0.9337974980627122,-0.0004487242398928033)
(0.8999706163700613,0.009299637054061231)
(1.035484037156274,-0.00763764813539737)
(1.10650791360735,-0.006183103025618118)
(1.691201049710324,-0.02645374957242375)
(1.587675612208837,-0.02181309911550732)
(1.188150171153194,-0.003449226965005403)
(1.037983924351894,0.001728858997923815)
(1.102383460964719,-0.0001043763402198422)
(1.04099142689948,0.001551887910784136)
(0.9772277776823085,0.02026298078885193)
(0.9730304160072525,0.002394767497827374)
(0.9694185191638812,0.002680735868396876)
(0.9748984291015396,0.001570329205596336)
(1.003682626118706,0.007608422569833078)
(1.010151346153354,0.005584214551357538)
(1.013312635126809,0.003271912343593908)
(0.9326782649309224,0.004247157114855251)
(0.9771049606875651,-0.0005431856832694399)
(1.013169246904615,-0.003969556737868018)
(0.9573716372012696,-0.01245156649119014)
(1.006366684325516,-0.018477525757276)
(1.004759231208816,-0.0162291953972123)
(0.9455784427258591,0.0006531119380077209)
(0.9505700538939438,0.0005134849770091875)
(0.9640684583549083,0.002816152845086242)
(0.9526995571614941,0.003039590008437772)
(0.978307208521294,0.001970172944402697)
(0.9803625278082231,-0.0005429096189342714)
(0.9712908904306035,-0.001013712353833933)
(0.9787625114197842,0.00207481562333284)
(0.9661446290859966,0.002204339897916855)
(1.039669984401258,0.01026860884186075)
(1.023373923799288,0.007670217247007904)
(0.9809329197129137,0.00929467122674032)
(0.9884981253085747,0.007054648992946611)
(0.9584514892194337,0.0192195348415142)
(0.973305315562379,0.01748999245283374)
(0.9848226862577328,0.01456823873548389)
(1.005513142207946,0.01471294976515101)
(0.9994529152031919,0.01752633793976841)
(0.9487467256785953,0.0009251407692802918)
(1.01339792119977,0.003432859114698341)
(1.024615090578829,0.002363706530372319)
(0.9838734414058168,0.002161099103734456)
(0.9620398668484321,-0.0006269198096710583)
(0.9512959187549965,-0.004765903137195437)
(0.9407645326395918,-0.00355842787663909)
(0.9723081261141492,0.003085768924349803)
(0.9747413480959038,0.002284295198175188)
(0.9515672507553428,3.078087998513578e-05)
(0.9018489965129768,0.0008401703485526617)
(0.9305569077896285,-0.003931894997536242)
(1.014007422651193,-0.01982124588769989)
(1.035142797153506,-0.01810019643831503)
(1.028614753097233,-0.0186855912996696)
(1.033011802213575,-0.0153592283928415)
(1.021341934222153,-0.01326606293948865)
(0.8334281977744524,0.007095728618201252)
(1.582444781173868,-0.0275615967393685)
(1.648275197918724,-0.02659781831810426)
(0.939189379900799,-0.0004508161789701631)
(0.9300175225787429,0.0006054713142794026)
(1.739639960603382,-0.02312710299660708)
(1.659196432380718,-0.01935771117012984)
(1.555136297533489,-0.01437843653570204)
(1.594430936219293,-0.01628308862694652)
(1.797748522976438,-0.02551277592632577)
(1.843202833913713,-0.02755397593339589)
(0.9975525869778955,0.00205569381005863)
(0.9632871731809692,2.601846826491037e-05)
(0.9584150092617622,-0.001099845684623874)
(1.453200186241171,-0.01085250375465557)
(1.295928622929216,-0.004188324239329079)
(1.180024403208361,-0.0006531103295906249)
(0.9228510927698018,0.008776054371067037)
(1.63375562166828,-0.02052454384730926)
(1.74898680447103,-0.02714178638870065)
(1.769092187797047,-0.026389004448532)
(1.641019542553798,-0.02434228148490887)
(1.546737017863253,-0.02037789717319812)
(1.525596168084265,-0.01793014118236603)
(1.318546990127954,-0.005206343210833304)
(1.411694013892665,-0.01011976194085697)
(1.135283921485474,0.001944937926504275)
(1.057078624307206,0.003753277451565271)
(1.898641491309816,-0.03236091835099353)
(1.916005801866801,-0.03198068620741573)
(1.915919582286387,-0.03330060889417952)
(1.044524124641034,-0.0006827548685150989)
(0.9858415055183596,-0.006577335835972672)
(0.9815544420881975,-0.004562220899412389)
(1.009755599525738,-0.007105575889729615)
(1.015576419500626,-0.004554371417149853)
(1.021588363733846,0.006096321501889971)
(0.9947190044631645,0.003937648349562362)
(1.046845319252325,0.004059077655609938)
(0.9538506291851695,0.0040304306981099)
(0.9740340581317452,0.003833241950967231)
(0.9664852382085636,0.003308313610206063)
(0.9378402939156053,0.006126723929347325)
(0.9282481872580709,0.008926055095318148)
(0.8830369355872919,0.009781365825991107)
(0.949482744028581,0.01069969426286709)
(0.8763508108691805,0.008549959570668808)
(0.9036433664281023,0.008093269894958727)
(1.037479663044261,-0.01851639084075585)
(0.9558964157210766,-0.008719454847367164)
(0.9777485620156026,-0.01528003907282944)
(1.011642760524966,0.00578264455617563)
(1.016377212050891,0.003469883721283358)
(1.00870829790577,0.005802161406617525)
(1.01863847185007,0.002308970660857596)
(0.9660104149699614,0.003160534562675713)
(0.9801017679503889,0.006407506862413024)
(0.9189417680632538,0.01316734791851758)
(0.9508608318535591,0.01438985582979628)
(0.9345673770678808,0.01016393512142448)
(0.9682195929780493,0.00999880316307411)
(1.015320637160444,0.0147826610361516)
(1.016815498670209,0.01022933833418126)
(1.005696411489294,0.01015094531043895)
(1.06505292322643,-0.003789274387047405)
(1.155687220924403,-0.004473422047315863)
(1.094478941155941,-0.004529382805575543)
(1.097375379219891,-0.01699984573314922)
(1.235673474082206,-0.02335294313079525)
(1.301728863108033,-0.02980633280789914)
(1.207271190648897,-0.0290041912497702)
(0.9580588123839784,-0.005655558239577379)
(1.000661545324726,0.0005875288179821893)
(0.9768644357008172,-0.0002388304984232454)
(1.00898069964092,-0.001255005496164756)
(0.9547742145939433,-0.007520483642845043)
(0.9854275151283628,-0.004444765457746222)
(1.023362039762132,-0.02244059159156183)
(0.9728622074653934,-0.0172779925529391)
(0.9344617502676456,-0.01234110257041436)
(0.9671504888014105,-0.004045522556859749)
(0.9403143503917594,-0.0008756720242251349)
(1.015495992641899,-0.00360524916057904)
(0.8506239906973457,0.002145018580533445)
(0.9712595181925882,0.008187182061509268)
(0.9597929856965506,0.01263895703757092)
(0.9514753154507231,0.01347708532944736)
(0.8547747390360643,0.008945717551788048)
(0.8662059322376273,0.01187631165110666)
(0.9451757012926457,-0.01637146060934018)
(0.9266584154739794,-0.01255400346109277)
(0.906376237450516,-0.01741025530336376)
(0.924734094057009,-0.01884461115288059)
(0.9840469757268887,-0.01552566221663134)
(0.9795006197270965,-0.01584643619249781)
(0.9996867688585259,0.006484220637116902)
(0.9855669791335806,0.004039149253383651)
(0.9043200725990131,0.009072284051860243)
(0.9498057926475516,0.00551699741359007)
(0.9754711643250911,0.002864462928975169)
(0.9492644847460411,0.003065059923428952)
(1.27326901764434,-0.01644670103228654)
(0.9612373601301549,-0.002401048540542865)
(1.093897642372097,0.0006569378877344107)
(1.059241708655688,0.002581101069507464)
(1.065448160209785,0.008303495695193668)
(1.082624118840942,0.007609606926002942)
(0.9235003315520636,0.02440045316114775)
(0.8880109248002523,0.0228832468638962)
(0.8856408781097017,0.02006659023357044)
(0.9479608564675719,0.02167974731232802)
(0.9209401840542467,0.02350860007210881)
(0.950162193017167,0.01757533457317231)
(0.9193240809414964,0.01689725073696529)
(1.092533682056041,0.0007810825657137705)
(1.05071750382781,0.00498294580535655)
(1.080346112000704,0.006989806594821523)
(1.063657985790228,0.008615432198659604)
(1.089410057001704,-0.005720858118669242)
(0.9671171823012417,0.00237783893451374)
(0.9817404517063776,-0.003884307061547203)
(1.027631716170731,-0.01209123304312218)
(1.008929840485334,-0.007145344883500483)
(1.029409408251441,-0.01074921388432731)
(1.023708583526013,-0.007202737006842882)
(1.023586566805787,-0.00730069409240703)
(0.9320051801636779,-0.0002572880923501488)
(1.077024700133811,-0.005483203253081775)
(1.059109578531911,-0.0009484754211204678)
(1.031773080417963,-0.0006858174439711945)
(1.030668165828811,-0.003948251597890085)
(0.9976521444406296,0.005633961202060605)
(0.9615375994114738,0.007164312700904004)
(0.88179385822068,0.003882450148792383)
(0.852845737886076,0.0221100620562522)
(0.892842589871391,0.004932403252632972)
(0.8976967587694664,0.006520055478750167)
(0.8754325945582684,0.009844189275156713)
(1.021669037126531,0.00773338585869991)
(1.025691916043158,0.005200428542683953)
(1.047068821909735,0.00259722255639522)
(0.9845979659869831,-0.001517396623360631)
(0.9666682261907028,-0.001375203908236107)
(0.9320093474782943,0.007209770143289706)
(1.008008034443025,-0.006270768394793099)
(0.862840089706996,0.004601406833419393)
(0.919520233822564,0.004971488116927549)
(0.783712283715162,0.01150331240033034)
(0.8566949951664059,0.009200927624217609)
(0.8058555985576034,0.008353807231591822)
(0.8996532762551414,0.003624569558920052)
(0.8060157513956473,0.00292736577644697)
(0.8174500689933341,0.001150941391873516)
(0.8191534650225338,0.002570692005939456)
(0.7808202372156278,0.007318719500442732)
(0.7701174098469168,0.008890311672835466)
(0.800008401995901,0.006109355628190059)
(1.042101514463658,-0.003074341546245615)
(1.11485006142229,-0.008428676813314582)
(1.064474163875545,-0.006826882603798674)
(1.118244650773923,-0.009729562317555739)
(1.299753036179704,-0.01251022499500226)
(1.420554347707339,-0.01878843422385343)
(1.415107097874395,-0.01718274551399276)
(0.8638304163974257,-0.001733120361759772)
(0.9178214353333156,-0.0006201241258431087)
(0.8759957424876659,0.0009075608233984609)
(0.840041008482611,0.001072048422747552)
(1.015570022681525,0.01350759045220816)
(0.9960909859310919,0.015416068905352)
(1.043837635848087,0.01320797633336593)
(0.996282369832473,0.01812918326017337)
(1.022160267190721,-0.004546251532556379)
(1.016703954549612,0.007213583188708943)
(1.023198469269198,-0.001121608324848165)
(1.006096063389803,0.01622120875340368)
(1.035654279742606,0.02189734983473432)
(0.947812162291065,0.001011315588275425)
(0.9443295114783238,0.004390667106564549)
(0.9567630735547091,0.005114052763447238)
(0.9965995519080786,0.0008792618441753374)
(0.9745407860857727,0.0004538778004579975)
(1.001541438441171,0.007381185119323456)
(0.988320229460853,0.01163337063226543)
(0.9559807122006704,0.006066663760853032)
(0.963377041766621,0.01050835495882214)
(0.9999338193812949,0.01670420356606112)
(0.9723124112362258,0.01288698485278782)
(0.9791271292561348,0.01746277598087119)
(1.046559173848761,0.01875016274487139)
(1.04070798858266,0.01511326907817772)
(1.009526137076097,0.01698739687681207)
(0.9834382920651551,0.0212430524935417)
(1.035621081290664,-0.007140243474554687)
(1.038435271946409,-0.015132449436088)
(0.9958262139192735,-0.01085079315873233)
(0.9890635426443029,-0.006824271159778675)
(0.9444452284913919,0.001722164215390631)
(0.9700888496751197,-0.00216355647537549)
(0.9392728331740742,0.004786584456732967)
(1.104069101628468,-0.004386949891568124)
(1.004512121864191,0.003479958589208122)
(1.050918707732769,-0.0009153435260712112)
(0.9669839098212899,0.002493864834316151)
(0.9030983221352954,0.005889758794734577)
(0.9152679821437143,0.002266116335746934)
(0.9114010278183392,0.0061463628393264)
(0.9308940203058497,0.002071595497470136)
(0.976026642313198,0.01369288677883061)
(0.9108907076307009,0.01650449154077295)
(0.9232598092372545,0.0204798449990325)
(0.9078413910044444,0.0195586973782511)
(0.987680440895577,0.01804173290924235)
(0.9619429664741614,0.02033679306145636)
(0.9958195922350805,0.02437868821894988)
(0.9441284488825329,0.02062655400708393)
(0.98950514925306,-0.00351295918689975)
(0.9038202984968916,0.008719792436531754)
(0.9152458467998402,0.009575335637913671)
(0.9021728508857911,0.01360424961766514)
(0.9297681957757611,0.01826279487324673)
(0.953258990163089,0.01725616794305451)
(0.9621243979823175,0.0203970805401584)
(1.023923020479068,0.01290420412169444)
(0.987008583313477,0.008287051687680463)
(1.029131351709596,0.001767826394047175)
(1.206840569140743,-0.0008538127564423438)
(1.122906421208009,-0.001747972662186353)
(1.059496915501178,-0.006175650268604034)
(1.094416199011488,-0.02063398771326918)
(1.142125381911103,-0.03098119668941141)
(1.010930089739051,-0.01393041067530784)
(0.9987453758133366,-0.01243619227453999)
(0.9403678985476365,0.002062251202295428)
(0.9416014277051179,0.003450092678866904)
(0.9766497455259109,-0.006043219356658175)
(1.023588666624951,-0.01182997795953442)
(1.057110305288822,-0.01892997430032553)
(1.041020806143157,-0.01782562411106223)
(1.158773018670472,-0.005311976778822022)
(1.243458156386361,-0.01007397756115309)
(1.079164265238039,0.0002530076430995516)
(1.069312838589575,0.001859032322314245)
(0.8634915696321855,0.01685193459021108)
(0.917642600734583,0.00538114466079395)
(0.9841036468428502,-0.003633337293524302)
(0.913354308506016,0.004330192907221505)
(0.9336818139565088,0.003093683588352604)
(0.9700841575430181,-0.002041060194212921)
(0.9831970070029197,-0.002499065991894187)
(0.9635668268347606,-0.001768719696980795)
(0.864322151294423,0.01528611957460218)
(0.8786196125647102,0.01608550561074462)
(0.8935973423255404,0.00743287362067868)
(0.9209602475090979,0.003463346117472604)
(0.9093612922297543,0.006795960962166447)
(0.9023843480727867,0.004446521091114576)
(0.976630618499185,-0.002667992327232276)
(0.8864979358924598,0.009184719280707127)
(0.9940198583445843,0.005387757783059979)
(0.9373783076167438,0.01331954155743043)
(1.245053790059891,0.01047847176789886)
(1.126759212127147,0.01598575623797545)
(1.341313594360016,-0.0008277076146626356)
(1.356054346220618,0.001174214709055179)
(1.209547142019162,0.004496963074285244)
(1.119509983468803,0.01151499293883781)
(1.295308899975417,0.004387726797259911)
(1.335782601539047,0.003837435609539182)
(1.231880552027766,0.01255849477926617)
(1.103387178096652,0.02074145643754719)
(1.135014773606821,0.01516861156060209)
(1.06659563547667,0.02159108746129816)
(1.41522735828717,-0.008755134635114441)
(1.324241693112755,-0.01112363491990399)
(1.328233109927027,-0.007919319306700803)
(1.583941989979737,-0.01751459762942847)
(1.676036860281388,-0.02882837833232529)
(1.571587416451772,-0.02143633730745724)
(1.530405613510256,-0.0161661609372614)
(1.712713516135366,-0.03003001912713052)
(1.698767330479398,-0.02761419830193535)
(1.745242720087119,-0.03246337182633716)
(0.9460824544401985,-0.01568682321514028)
(0.9716641529339672,-0.008725729767012939)
(0.9850713874796712,-0.008003606436226789)
(0.9735557271989173,-0.01210955492098647)
(0.9687588638528153,-0.02365926448413489)
(0.9592973406690976,-0.02001954689973042)
(0.9372187746660761,-0.01390502032393546)
(0.9749980405467668,-0.01851460321696992)
(0.934832295172047,-0.008231117331913847)
(1.469933184503135,-0.01729541631873066)
(1.403581441978527,-0.01524708657919083)
(1.306261788167079,-0.01134663284132433)
(1.227953884314789,-0.007635794835831272)
(1.234001665938218,-0.007603637067538277)
(1.051699894571301,-0.00139703316389834)
(1.096994194052423,-0.004797200547902243)
(1.076127417571087,-0.001664802328055661)
(1.145997393210632,-0.004792683384413903)
(1.183565162528087,-0.009006337696054993)
(1.229449716125228,-0.008926229900382233)
(1.25344901316383,-0.01103505745556687)
(1.446889996794311,-0.02190933372083783)
(1.559306741807353,-0.02828196565361268)
(1.622886603576903,-0.03084570523991252)
(1.019532686798228,-0.002433044638151474)
(1.026678580064384,-0.00128703126746994)
(0.9241265457420033,-0.006948142344765254)
(0.9323606415431944,0.003019339126379974)
(0.9084535699760832,-0.002204612405729662)
(1.028304108848999,-0.003119747473954583)
(1.014257910600984,-0.007432975700010534)
(1.038505434501534,-0.01002032618078533)
(1.015085474310702,-0.01165722724437575)
(0.9162811171651228,-0.01180875941274788)
(0.9370128161914713,-0.01484272235891137)
(0.9281508133523552,-0.01793571512210849)
(0.9885983556660162,-0.008035218028025507)
(0.9700687766376153,-0.0131730888368063)
(1.032402577516871,-0.008076251362997418)
(1.016882086070518,-0.006432256541176271)
(1.019930747634265,-0.01229212912008125)
(0.9938128794666776,-0.01472021069656556)
(0.9910400080017332,0.00227720354794764)
(0.9648557501142898,0.004289196973782646)
(1.010483903784061,0.000557361811825493)
(1.046598088176987,-0.0002407634877964677)
(1.065329946751656,-0.0001215005880958619)
(1.082008351593646,-0.001650699431393622)
(1.065748888047613,-0.006928230105833284)
(1.077148830563169,-0.004491790376279615)
(1.049245634262891,-0.001064492071976649)
(1.053706545568722,-0.005802264776501706)
(1.050074053195664,-0.002697959003805084)
(0.944053464944684,-0.01766923044069382)
(0.9662310002585546,-0.01511413197982997)
(0.9906965898916416,-0.0148122673425321)
(0.9473904116771078,-0.01831589844283118)
(0.9780657960641395,-0.01673862696172614)
(1.006364297667827,-0.003334341903634077)
(1.002551031427498,0.002479768645736269)
(1.006837408000147,-0.0001507261620940207)
(0.9950250755219013,-0.003387655183733075)
(0.9914734755605714,0.002778002000311195)
(0.9865231002814113,4.740809388909922e-05)
(0.9718819498444794,0.001663456077914603)
(0.9812746378277541,0.001052080740530051)
(0.9858348678488011,0.001624681297930574)
(1.011580831302903,-0.001891772627875693)
(1.0116055125876,3.512569048079757e-05)
(1.003954502442576,0.0005864479730538625)
(0.9927811510163372,0.002323890931303823)
(0.9807162981557136,0.009300177569314824)
(0.9629498437549245,0.008433341937780123)
(0.9856691516995008,0.003537764596307162)
(0.9884825469221002,-0.002821296345967377)
(0.9745003640397558,-0.0004009715803628378)
(0.9318910803605523,0.0002953368344986163)
(0.9128077061511406,0.001181498797464846)
(0.9063147851833011,0.00288323387417436)
(0.9253769427573775,0.003609570640097402)
(0.9666848195931657,-0.002304394616941901)
(0.9589643319265403,-0.001631304703275948)
(0.9835016906623388,-0.002766143377889474)
(0.9981614693553966,-0.003226646375671264)
(0.9976931898381753,-0.002343177281032053)
(0.9919435500926914,-0.002029002122479711)
(0.9743045672250338,-8.623467629180754e-05)
(0.9859573435834734,-0.002702989817238538)
(0.9831243438575061,-0.001376082920048569)
(0.966248790094439,-0.005156551053010494)
(0.9838465847169663,-0.001946552592404202)
(0.9571113737702385,-0.00452586060359)
(0.9909171823305921,0.002517826230954951)
(0.9640818985207631,-0.0007659194335371538)
(0.9790506936022283,0.001924470327046189)
(0.9783973265099152,0.0006168173743974762)
(0.9880598466786664,0.002667175698039296)
(0.9785688989687528,-0.001653957781393857)
(1.004512821956956,-0.002575019104211196)
(0.9909138651546702,-0.002471144461158546)
(1.013607796862587,-0.001102427400594366)
(1.005363088250294,0.0004647364882184453)
(0.9884554081673983,-8.779400625590605e-05)
(0.9877345432770132,-0.006129067937349305)
(0.9917418983942889,-0.006465132431606802)
(1.016799979802781,0.002936622258238565)
(1.009083080730672,0.004400112839550048)
(0.949534152252848,0.005435285142365306)
(0.9517577926039068,0.006674779036505096)
(0.9043165737166177,0.006066327414494322)
(0.9248076061612123,0.005113571413906647)
(0.9055651557897156,0.00709790310053506)
(0.9275390845818156,0.007216407704381068)
(0.9109529652662611,0.006906649946293942)
(0.8891483940746641,0.005573355562865623)
(0.8849410001242333,0.006797567431392206)
(0.8921244584217427,0.007238970069502719)
(1.014559676267619,-0.00208329770058574)
(1.015811709672762,-0.00083659859725688)
(1.025722762201813,0.0008756701980299196)
(1.014595122447328,0.006783171781421718)
(0.9987682062469833,0.005884663773549245)
(0.9984978828539253,0.004405946419105024)
(0.9910221277244992,0.000619463076213569)
(0.972071703827563,0.002398823976548821)
(0.9683620506959497,-0.0007925956000581089)
(0.9863532590147991,-0.001104110238298175)
(0.9482814432044308,0.002120496088848131)
(0.9480426304511557,0.0008225584481917455)
(1.006195945094587,-0.0009659274387520457)
(0.9925344380135152,-0.001481835938730356)
(0.9802728758039074,-0.0005578545220747202)
(0.9798381277350756,4.251436744229358e-06)
(1.069200221344634,-0.01083652989744033)
(0.8992722926280932,0.004714455314956561)
(1.022240997523725,-0.00935351353462578)
(0.9497002841849261,-0.001329840099395841)
(1.037104712215838,-0.01045823197735351)
(1.041715580320371,-0.01143673871089384)
(1.893288653479281,-0.04768335117636498)
(1.796915031468148,-0.04203201096654749)
(1.751836034078735,-0.03922732146191935)
(1.66485528166494,-0.03899649035161466)
(1.590353177675876,-0.04411348168143704)
(1.874402807922923,-0.05548720463100709)
(1.746482921460317,-0.0532557921016196)
(1.515366465910251,-0.0524348062343489)
(1.800512670930424,-0.05826484013535002)
(1.64866604243914,-0.05120812660292014)
(1.777662277885417,-0.05516241283072214)
(1.702493314272831,-0.03445461065737342)
(1.656829593726064,-0.02752301745417149)
(1.865553836682158,-0.04364713943405388)
(1.78498962572519,-0.03760865350668446)
(1.757640179306623,-0.03369133507335031)
(1.021230903705299,-0.008181401569009771)
(1.609591772540109,-0.02245849762171922)
(1.04676021456027,-0.008106335249356333)
(1.055165143025279,-0.008388796028675066)
(1.602582249661165,-0.02894163979301899)
(1.587665972508711,-0.02635216556037882)
(1.02379314548418,-0.006691599295445468)
(1.022558426083181,-0.007941125802534449)
(0.9986256596463633,-0.004385470152288841)
(0.970480267853861,0.0001104675547968387)
(0.9372200283727913,0.001960840856740901)
(0.9723371204978573,-0.002698930419079615)
(1.23372653875672,-0.04407045799046098)
(1.193570574590201,-0.04485330106349379)
(1.055926840261919,-0.03679345082018717)
(1.019103697753441,-0.03152698493095714)
(1.085256777853604,-0.03407807895129081)
(0.8799382490077876,-0.005548395858927437)
(0.8655978066689941,-0.005721453006745853)
(0.9117540497006882,-0.01528085594542878)
(0.9525727190833627,-0.0241775319364091)
(0.983628475739292,-0.008659968116085878)
(1.005847501882987,-0.00161276503139638)
(1.012557427901914,-0.00125348818712415)
(1.012716894198099,-0.003308560101295675)
(0.9445684640802458,-0.0162829402003732)
(0.9224738412448489,-0.01231441206552567)
(0.9821526590016167,-0.004967465008684066)
(0.9698390012709351,-0.009110548109536067)
(0.94520059954515,-0.003821475514393139)
(0.9727294490546312,-0.002260409157638704)
(0.904463684351856,0.02504611655674426)
(0.9242689973801433,0.02071543458412818)
(0.9310471484219137,0.02527668416664222)
(0.9922155665440903,0.009483012478279568)
(1.024923560954024,0.004481521106878329)
(1.04084671793773,0.004490680635114056)
(0.9636989572826631,0.01649525154557875)
(1.965917462185838,-0.03528055054596226)
(1.937836688972124,-0.03483296164140567)
(1.955424141809654,-0.03652452802279857)
(1.991528141748685,-0.03867764902611165)
(0.8080317137340152,0.01646078471171698)
(0.795536137649121,0.01186895706907357)
(0.830444053979265,0.0144022019120399)
(0.7872785374246521,0.009257493378964643)
(0.8084800577394112,0.009451793389333555)
(0.8255396939010787,0.02015374413808505)
(0.8176335470249145,0.02100502793543309)
(1.222180036796711,-0.01278704164581294)
(1.2635384070293,-0.01062899954421538)
(1.370343123467665,-0.01612765080005931)
(1.472563782370628,-0.02423404607617364)
(1.439034216018725,-0.02692202024108591)
(1.306962743556516,-0.0218185785333281)
(1.69950957126807,-0.02611441650216216)
(1.803883433472178,-0.03026946985755553)
(1.571752097417776,-0.02022049018930677)
(1.57375834764119,-0.02039060906283924)
(1.784491120876863,-0.02891997505669902)
(1.678856299584188,-0.02456499157494991)
(1.379164100887195,-0.01197010135876859)
(1.48379526629974,-0.01673999437827138)
(1.35134373170504,-0.01104438295871767)
(1.472908091433693,-0.01612007119064968)
(1.011962133820455,0.003399124383639564)
(0.967422540811093,0.003549744774258209)
(0.9743979388238884,0.002489931826024523)
(0.9671974408588421,0.003575878943534111)
(0.9622126810152449,0.005504651315684748)
(0.9742070334617128,0.008586418377356445)
(0.9849512513978343,0.009309802680730159)
(0.9640194058590489,0.006706944729926937)
(0.9645901366575049,0.005746690933068301)
(1.034879957803496,-0.003274759564709163)
(0.9743045522154766,0.001166725081180786)
(1.035553109581629,-0.01215743816085289)
(1.034037239293788,-0.008595730415020182)
(1.042833951886309,-0.01538048010015934)
(1.042341568334353,-0.007256226946340734)
(1.017696710743737,0.01084838252083825)
(1.025049792090233,0.005669065176761147)
(0.9396903328337343,-0.009463180719535908)
(0.918297601602041,-0.002513966182610705)
(0.9298732477652163,-0.005350339853520966)
(0.9396249497131776,-0.00937930735651691)
(0.9116693383112223,-0.002527656408150639)
(0.9240033968774085,-0.005334228434056077)
(0.9600537414230668,-0.01223268140299266)
(1.005106070730391,-0.0135824816675414)
(0.9892385866928544,-0.01816138989974955)
(0.9747402011077079,-0.01618692988105319)
(1.008655224791707,-0.02006628493120186)
(1.013732544542846,-0.01939027599182263)
(0.9984515090697369,-0.01701595502821214)
(0.9762978807161362,-0.01545202366295619)
(0.9130052007041386,0.006292950833694974)
(0.932615701018185,0.003770484714583181)
(0.9352592849986806,0.003457261081007612)
(0.9373800697321336,0.002455965502491113)
(0.996317248774239,-0.0102881204303569)
(0.964115136021842,-0.001950252501351397)
(0.9818108118713157,-0.007997493327093038)
(0.9642929974519087,-0.003567314203555708)
(1.024150357206372,-0.01296118669565025)
(1.007121082288899,-0.009110173441906465)
(1.027644721849134,-0.0176663303332052)
(1.019674967838017,-0.01839411455817923)
(1.019820155745548,0.01361587093083214)
(1.077482763756627,0.005576831988291909)
(1.103595663779105,0.007400166065139395)
(1.041936271572417,0.01312849568976004)
(1.18279319208581,0.0002463507839617514)
(1.171834259839773,-0.001125762962144324)
(0.9558799097585008,0.02349429637431598)
(0.9616944690534531,0.02192852478564009)
(0.9658840448342417,0.02175721381405454)
(0.9283442101495006,0.0263818509495813)
(0.9139613704194279,0.0265070735870397)
(0.9395412644760938,0.02384097028285233)
(0.9444670824732575,0.003246532449308712)
(0.9194345983095555,0.002283772295377398)
(0.9016031501385315,0.002701442050997788)
(0.9395634301043098,0.004302490442672171)
(0.9068591902831287,0.005346448661810785)
(0.8955291599918302,0.004785475466102623)
(0.9994499655109406,0.002190303622803293)
(0.9040848131971834,0.001729582310326992)
(0.9197147495016184,6.695195163524352e-05)
(0.897759712662033,0.004572135183289258)
(0.9132203890467202,0.005547503229659028)
(1.001865631965437,-0.002216169897218462)
(1.051133851405056,-0.005399326681442464)
(0.8952137392848529,0.004014450607120237)
(0.9177887793853322,0.004081907090363979)
(0.9703748295281365,-0.001250871851302419)
(1.034091251212069,-0.003994580594507352)
(0.9490408857853238,0.008392743856639674)
(0.9900577774554198,0.001514569913081422)
(0.9801316371055916,0.003649694925466891)
(0.998092996286027,-0.001100829790594025)
(0.9868233417506608,0.0008531530295717467)
(0.9737255809131424,0.001781852654661112)
(0.8440612598817141,0.01458990275696335)
(0.8949636086618663,0.008074828448832869)
(0.9331697134918122,0.006192383410905613)
(0.8712374136664501,0.01615025747749266)
(0.9172970231773403,0.01037822633538909)
(1.277580956621152,-0.0121193062382318)
(1.117184242448077,-0.005207448239884763)
(1.019217259034559,-0.002198900185673859)
(1.454552204761228,-0.01238564833212463)
(1.59497905259665,-0.01937328047971694)
(1.545893487035586,-0.02017949564739454)
(1.384971520793922,-0.01417849797424139)
(1.011841670324411,-0.0001134687609912137)
(1.264340617848994,-0.007765042036676611)
(1.29162781008498,-0.007011659772673372)
(1.060009628208442,0.0003260034331940098)
(1.171393023729437,-0.002021377057415767)
(1.030877189152215,-0.00124429577894521)
(1.11378594221827,-0.003689095106662932)
(1.380688362614574,-0.01216465203701729)
(1.315447029472102,-0.007841764850271058)
(1.144248555658739,-0.001262598647393785)
(1.266396572328019,-0.009529497875205921)
(1.11386713522951,-0.0037448894595327)
(1.049084991057837,0.0003178662488966072)
(1.035555146506623,-0.001901861647958629)
(0.7715060094123311,0.01363714248462428)
(0.7864125523967411,0.01235283527292211)
(0.8419739219570087,0.01144414343613734)
(1.006182721884781,-0.01311170490550132)
(0.9221940108860133,0.001975333308964094)
(0.9223188495292444,0.004269853905249819)
(0.9553814694134994,-0.005835501735565883)
(0.941024228563396,-4.782737180999454e-05)
(1.038034167745158,-0.01300817252808779)
(0.9902723065214132,-0.007059212151331652)
(1.000639986410557,-0.02152151708599295)
(1.082587160726419,-0.0240297050405087)
(0.9300451957831614,-0.0131150541717011)
(1.021428532449927,-0.01798265194728687)
(0.9106166871978936,-0.008507564031568637)
(0.9140902073632393,-0.01235871333733587)
(0.8869084150052688,-0.01303689608820825)
(0.9208032249205832,-0.01613617302104971)
(0.8265485121573548,0.0009926451290394127)
(0.8173465425512338,-0.003202684177556887)
(0.7988481864895702,0.001725550628571795)
(0.8447980308706996,-0.008079009861492133)
(0.8821751487464954,-0.003881902150104265)
(0.8667862242380545,-0.006771119004629791)
(0.9446221275123892,0.01277398070999291)
(0.9355371623947403,0.02027292827327652)
(0.9906246978010527,0.002791923425322846)
(1.043343648217604,-0.002249241849037081)
(0.975738082236342,0.00804512479453214)
(0.9661109426470142,0.01296699896693162)
(0.9479541141909739,0.01415051945842454)
(0.9483063792619354,0.01085710991210144)
(0.9241235446046537,0.01437106318475994)
(0.9177160463357956,0.01612266327494845)
(0.8840820205577898,0.0200143428225436)
(0.8868033299870349,0.016103723195402)
(0.8566899611318581,0.01889316900580969)
(0.8585050937459844,0.02093263880271344)
(1.130088449655423,-0.007357483776473936)
(1.096237608529473,-0.01249660037497099)
(1.185569976251114,-0.01183525457930513)
(1.20730651969606,-0.01020620363416727)
(1.042610961877504,-0.009865292960111932)
(1.042620196675151,-0.01283835187688661)
(0.8494447862130572,0.005942803822673814)
(0.8415215158975605,0.005235111672328516)
(0.897340075478122,-0.0007024289401620335)
(0.8804130485578734,0.004187381519703976)
(0.8902279972189897,-0.01064840967413047)
(0.8691923901369347,-0.004560269774835702)
(0.8462586358914114,-0.0005456926593660762)
(0.8814105989055716,-0.01250141192302666)
(0.9449625480081062,-0.01978534291089291)
(0.9196751774802048,-0.01712885233265389)
(0.9588651573235174,-0.01697545205437254)
(0.9418300753591758,-0.01950243669707519)
(0.9485225292074086,-0.02013559428944465)
(0.966517978068886,-0.01759770038762311)
(1.168201335150301,-0.004188442505448199)
(1.07821347062825,0.001978941213618064)
(1.024492905046393,0.006870952587214837)
(1.041700592832578,0.005356721655051185)
(1.171243096346859,-0.00748821784441688)
(1.224858836986819,-0.008883702203842913)
(1.176137038875341,-0.01013072341237767)
(1.240943548281714,-0.01257221469192697)
(1.01090898008841,0.00513237036715641)
(1.452770068925377,-0.02189911029312756)
(0.8993531441958628,0.0002589379208778061)
(0.9230027553557899,-0.0008618092712999656)
(1.097417584933939,-0.009387885549447925)
(1.023512586286729,-0.006584628640975636)
(1.02005143264341,-0.007718789452402798)
(1.170694086393548,-0.01329818439514837)
(1.052502839217544,0.02065684260121092)
(1.060266897985508,0.01791208257149721)
(1.076708673311435,0.01304883400702485)
(1.077625198693713,0.01268413816532376)
(0.9718660737615955,0.01244943537126852)
(0.9918879187333625,-0.004307328116823815)
(0.9980980797874706,-0.009346948368999996)
(1.031824820160461,-0.007830891554373016)
(0.9943616616866949,-0.000954909202808482)
(1.014492956302953,-0.001760259141323594)
(1.054200970771526,-0.008759268717208632)
(1.090164419990572,-0.004492661360487722)
(1.074234405596349,-0.003562520355457346)
(0.9686952266560733,-0.002303584206650164)
(0.9722795994550932,-0.002751665043939343)
(0.9801442772607522,-0.005410228217667575)
(0.99695113077683,-0.009473806630254643)
(0.9614155801186989,0.008195364292634448)
(0.9571161698668831,0.01118677814845378)
(0.9535800483752542,0.01079878496241297)
(0.9570396011144957,0.006306031672445942)
(0.9570838477175696,0.006292744279956013)
(0.9645645344503315,0.006321123240441028)
(1.006678874531625,-0.0045468266612283)
(0.9859016638051813,0.0002655583050675205)
(0.9816741837969353,0.004423277818408362)
(1.012731843672844,-0.004339354238265698)
(1.003125752391402,-0.004976379897208)
(0.9840183067477118,-0.003758012018531549)
(1.002802590313439,-0.003253303545073247)
(0.9730452953652512,-0.002550739943414566)
(0.9570203042742266,-0.001931307920181572)
(0.973841244702607,-0.002475419911225739)
(0.963031272318841,0.002962788701092543)
(1.002232602649542,-0.004504408639897438)
(0.9995019282403497,-0.002215327871148939)
(1.04900924407216,-0.01185699423115331)
(1.045086412134796,-0.01058618754002623)
(1.068099002592368,-0.01233319132430587)
(1.068305141170028,-0.009734402711335192)
(1.043528285275823,-0.009378910125103959)
(1.050858285201158,-0.008360073370473618)
(0.8586538830289187,0.0190370343198111)
(0.8432936996187406,0.0203693699892627)
(0.8492717211181456,0.01278913905484801)
(0.8379696138668651,0.01283568383365063)
(0.8322422786062942,0.01563177193347085)
(0.8327885062710756,0.01839977159032357)
(0.8489736224290328,0.01537837991751908)
(0.8397521955310576,0.01796506356164904)
(0.9854645315618177,0.01482099881519105)
(0.9922376748586073,0.0134118674144019)
(0.9694611442775651,0.01471036500177361)
(0.9503084589908152,0.01652638298389346)
(0.9513849363624335,0.01683289937191857)
(0.9492719941111938,0.02029636136561612)
(1.016635304764671,0.004910603267866391)
(0.9930624466281402,0.007983422581772886)
(0.9947385416136549,0.003978721447337451)
(1.045876360894447,-0.004978566994364264)
(1.056663180941575,-0.003825598866654988)
(1.045337367441346,-0.008479238120060798)
(1.055300342757803,-0.01084845234721141)
(1.048348920506791,0.000114808661385437)
(1.040668172290884,0.0005867193831804284)
(1.033080928991314,-0.001116327591545692)
(1.047787445989676,-0.001953235563021264)
(1.029448609517373,-0.00240143498069908)
(1.014239342993182,-0.002433368028589004)
(1.018553592573798,-0.002461617297470101)
(1.063870577927007,-0.0104854887529043)
(1.053011477199298,-0.006341054614619287)
(1.066370693566588,-0.008501394515048286)
(1.064177573616388,-0.00427295553600184)
(1.040159631629775,0.002114264798057294)
(1.053710494798576,0.0006397491449638548)
(0.9626698997389174,-0.0008495838017326578)
(0.9638371388413081,0.000520549058372524)
(0.9623037863239394,-3.953293288473788e-05)
(0.949408796866545,0.003925253183008162)
(0.9419192534121255,0.005392757567809736)
(0.9909956533272141,-0.001252167535798589)
(1.012497342923991,-0.00296615070305959)
(1.009060482126328,-0.004170221423365374)
(0.9836219800380476,-0.00163288721782107)
(1.012901441159206,0.004847866899885088)
(1.102772953155804,-7.287823472082846e-05)
(0.9481956924162136,0.006835399854062685)
(0.9987003543565349,0.005296082819359269)
(0.9551856435423152,0.007893803965545695)
(0.8549783711205019,0.01232371155018314)
(1.042175313945981,-0.005328457092740502)
(0.9472790569064862,-0.001459399232786976)
(0.8954454248523174,-0.001537869236519618)
(1.000498103657386,0.000435792782599123)
(0.9350943403119946,0.008125661892137504)
(0.9522018368081684,0.004857525327136014)
(0.9826810869775435,0.0005951229277230191)
(1.009920807015018,-0.001552012825153785)
(1.182795659892074,-0.009123710182705134)
(1.165888303391658,-0.009447183858834694)
(1.059469723170074,-0.004391179313546293)
(0.9937442145336716,-0.002819395158626585)
(1.041066896814852,-0.004454729527626689)
(1.328521834560645,-0.01647599193574587)
(1.217223808165113,-0.01198101902823493)
(1.344231816660662,-0.01814447054758541)
(1.271994483343744,-0.01604262865994963)
(1.181311896071719,-0.01158730817655857)
(1.152409036826306,-0.00956374256169454)
(0.985365219086906,-0.01731536940804749)
(1.027920210384381,-0.009887458507441715)
(1.031940838454574,-0.00983318370389605)
(1.022712223806263,-0.002732238966887579)
(1.019193187808467,-0.0100960956667865)
(1.004080321014714,0.002654952769749971)
(1.016714626111451,0.003171998744251724)
(0.9945800293027608,-0.005546450178521211)
(1.001950950049784,-0.01067862288337507)
(1.020689775769763,0.01636164170677507)
(1.021454682670118,0.01192279293572869)
(1.022403764565767,0.01165837287471066)
(1.031805040156922,0.02021801079590734)
(1.018972454816316,0.0172832345507703)
(1.029750939330176,0.01995257755638664)
(1.017661537384144,0.02093257622352877)
(1.034639721364001,0.02111373551088377)
(1.051237706721371,0.02047959085245823)
(1.058802303435026,0.01746476834248151)
(1.022354952860956,0.01929856476055224)
(1.043361197865005,0.01756550834565563)
(0.9764967625237446,0.01843631054547837)
(0.9990208178165257,0.02019162895495696)
(0.9893309025062151,0.01822980965049221)
(1.024064079781905,0.02260878590679681)
(1.02490429252476,0.02175614910442752)
(0.9930929212493329,0.02283529196122188)
(1.057292654253327,-0.01638869475401656)
(1.030845446403374,-0.01514869363648468)
(1.049075942828521,-0.01530631976665185)
(1.020203834965022,-0.01479403235922406)
(1.025532694963194,-0.01416196030643399)
(1.047563011214797,-0.0194929974975255)
(0.9944976754159046,-0.01148772392544796)
(1.012335081248917,-0.01266372634068161)
(1.007874620511808,-0.009151619763505182)
(0.9785525061691445,-0.005477938907258386)
(0.9398440775344732,-0.002035409720183944)
(0.933552731430437,-0.001458604555979476)
(0.9628064651913838,-0.00589508404157483)
(0.9726254857014459,-0.008264974669901795)
(0.9525232079963011,-0.003171407953159453)
(0.9691760329510738,-0.004631744680097342)
(0.9729601990762682,-0.006878743320332132)
(1.159546937644209,-0.0104523447699372)
(1.110359757381565,-0.007949895105725809)
(1.112301281472894,-0.009337158800239843)
(1.160594213607866,-0.0120221795705002)
(0.961398611391614,-0.0003918580331639667)
(0.9477227194564446,0.002085692582643786)
(0.9481297913206508,0.00579905811246694)
(0.9356323013070056,0.00873520851233105)
(0.9602024479537722,0.005145702472806431)
(1.046910150758488,-0.007593114029457324)
(1.078551667445934,-0.008373437789271116)
(1.074990496256728,-0.009495181595839687)
(0.9690018967063129,-0.008116432754358577)
(1.035934173939371,-0.00878652181717007)
(1.009861154472141,-0.008063139784210287)
(1.02422139550565,-0.007274997241936467)
(0.9150245671148112,-0.01207677931342427)
(0.9401624436181599,-0.007810480808630104)
(0.9936784017641641,0.00689522950656744)
(0.9626337772023736,0.01520187819299325)
(0.9347551808361866,0.015950235987679)
(0.9831601348802196,0.009246665259072029)
(0.9782114381540421,0.01061540314333337)
(0.9607149607910608,0.01964226915098629)
(0.9131014766930104,0.01711502296270132)
(1.077210923977166,0.01420520208577813)
(1.152340576012106,0.003461356318769227)
(1.084687609974203,0.001086130670611255)
(0.9638018223700837,0.008295820324478193)
(1.02109370274222,-0.004731515401998033)
(0.8867088236588101,0.008248548578748143)
(0.8638564306175619,0.009282809876559198)
(0.8552170251172645,0.01257923069027397)
(1.800561678288586,-0.04022998497029891)
(1.777927063980048,-0.04437222867910202)
(1.914276679084382,-0.0544713081508307)
(1.848453691703006,-0.05274757695974682)
(1.505267786258582,-0.01781536539107499)
(1.429564220830649,-0.01514257419724393)
(1.306158021590314,-0.0102249658717594)
(1.271382255257381,-0.00861438825777127)
(1.35848944602068,-0.01170973235849266)
(1.457147429638039,-0.0156674544183289)
(1.424358668887245,-0.01984024688752308)
(1.52680304434109,-0.02511372239618239)
(0.9962318433597139,-0.0007846615542137813)
(0.9928777609500318,0.001221425807781142)
(0.9786529885524904,-0.004509743382605928)
(0.9557462142314377,-0.003716903693465562)
(0.9766842221162703,0.002762290416950586)
(0.9572259838352835,0.001603996773248375)
(0.945362240532759,-0.01344250991011193)
(0.9305182147456477,-0.01727414926536181)
(0.9359421999015941,-0.01517225038346551)
(1.027643035573228,0.000975583385764519)
(1.024940536441601,0.0008774551756213301)
(1.039309324687037,-0.002903534725756208)
(1.051280608928919,-0.005731072736337271)
(1.065367424763677,-0.003948166201180522)
(1.051996067709729,-0.001237113451574522)
(0.9636306599797448,0.00323931082054263)
(0.9563764841784143,0.006918588860202194)
(0.9595361306585476,0.002985974714880579)
(0.9547323551231216,0.004864068477671662)
(0.984281703979115,0.003614980148833764)
(0.9780543218384612,0.003710370842524912)
(0.9657851199072338,0.004804038387036929)
(0.9634174151704555,0.006257403950322666)
(0.9737339196362129,0.005581571121344935)
(0.9845070215625802,0.003662743705436337)
(1.004606955643347,-0.003901000991267436)
(1.024817111368251,-0.009535781253781211)
(1.016768941194361,-0.004676557944569368)
(1.021106931516576,-0.01099386806965017)
(1.02227969159396,-0.01321428634037999)
(0.9945111442393469,0.004122053220968104)
(1.013064913536342,-0.003047920039257909)
(1.01764283134066,-0.005422922140397741)
(0.9734078717501999,0.0002250331040680071)
(0.9544662997094497,0.005248011300435405)
(0.9395312345418534,0.003112943136311197)
(0.9547243112740883,0.001682944750358819)
(0.9626581151393451,0.001203411676901438)
(0.9616824420991109,0.001714720224170275)
(0.9777717383281903,0.005531233250424003)
(0.9739984163983643,0.00667121591079577)
(1.017463333957763,0.004999355634561871)
(1.012415511470987,0.004172617282901656)
(1.0143190980597,-0.001199534838710914)
(1.019339716200698,-0.0009847406665562549)
(1.006537321026132,0.0005451813952897984)
(1.012356490486863,0.002801106342272023)
(1.025607421036976,0.001056063400191684)
(1.024869686290875,0.002784897006787046)
(1.027078994292132,0.006531217157962435)
(1.031075498329852,0.004847640683600483)
(1.034435566034203,0.004522211077269182)
(1.035986454267348,0.006215523446512507)
(1.009600313657969,5.87583068872962e-05)
(1.023000036832163,0.001893139008101251)
(0.8532449543956863,0.01187936425754294)
(0.9204511482659669,0.003834793234014047)
(1.014342643221922,-0.00256198090048917)
(1.005446794884518,0.00725236229058595)
(1.026638049902193,0.001342686056704923)
(0.8410019095944773,0.002607406145400213)
(0.8799302524093845,0.008012952093770235)
(0.9100625180763824,0.009011018309041195)
(0.8725970553548624,0.008293385495291378)
(1.784113943029418,-0.04038441637185516)
(1.736515025204372,-0.03557534208303368)
(1.70806191965089,-0.03529602785657191)
(1.548813325193494,-0.05521496326757948)
(1.492770134899791,-0.05083754553670521)
(1.412926234704839,-0.05206768006773661)
(1.673581094346619,-0.0554283979420613)
(1.697944294054882,-0.0577373511763355)
(1.787027545517605,-0.03375852283626118)
(1.012814281593155,-0.008760164533473207)
(0.964061323152392,-0.01168498530027317)
(0.9716522182046136,-0.009177344862435363)
(0.9582838436218429,-0.01043751553641737)
(1.07353346807936,-0.008719057522343865)
(1.04293775020495,-0.007922766609029535)
(1.034688799921617,-0.007690901928512567)
(1.147388995338783,-0.01033485924532737)
(1.497426583532797,-0.01761943675416655)
(1.28281780453725,-0.01656388562519564)
(1.369357388213397,-0.02039567338187797)
(1.485229944228539,-0.02547784619451565)
(1.498609290972456,-0.02527446191355672)
(1.334588181142817,-0.01470266787279502)
(1.47777757065235,-0.02139140537941232)
(1.442697505885163,-0.01811301807204403)
(1.146217667852893,-0.02395240057411555)
(1.231710240525259,-0.03621575780075023)
(1.136603596826998,-0.03589723999317669)
(0.9765867735096481,-0.01385257480099071)
(0.9332978864444218,-0.01578197240248995)
(0.9860016667800769,-0.02474946375070905)
(0.9872514425994895,0.01893125289324895)
(0.9655759817375262,0.02126159879950901)
(1.020053716765541,0.01074033617046516)
(0.9848492859610803,0.01656707155398479)
(1.96536237728658,-0.03401178915965243)
(1.995488602901811,-0.03623676785166077)
(1.930364025580106,-0.03218718272249328)
(2.006856344338826,-0.03805579029813081)
(1.964648937294292,-0.03992929968370168)
(1.909007741672446,-0.03855583193642451)
(1.848131185398869,-0.03872821356156192)
(1.825681801632402,-0.04046363600848599)
(1.839269232974265,-0.03045593770523596)
(1.800504497197669,-0.03176154827067326)
(1.935858399879678,-0.03396454041391249)
(1.981518491058931,-0.03752111649420713)
(1.282044030999101,-0.007800015932859799)
(1.092387131765329,-0.0003782925302922424)
(1.164152922511296,-0.00336849698361899)
(1.262474283912947,-0.007201461662110783)
(1.106699205466274,-0.000724134596080097)
(1.18852887163889,-0.003757083621182736)
(1.017195575887421,0.007912236687806112)
(1.019406456399949,0.007104199815777431)
(1.021487185856934,0.0001345674718856942)
(1.001677810382299,0.003756032616673978)
(1.011199073007657,0.00424087905812133)
(0.9942615334328048,0.002926695099489808)
(0.9918968282013545,0.002103621524362274)
(1.003178571141565,-0.001617570230105238)
(1.019161410350017,-0.003390593452416619)
(1.029142489690043,-0.001400939324011699)
(1.018719610770396,0.005482807148773442)
(1.02666127357314,0.006859882874541276)
(1.031114536040024,0.005569009495012683)
(1.016553188532459,0.002490036891954445)
(1.024705100264206,0.003115001857242043)
(1.01780974459692,0.002021866395908129)
(1.047720767396743,-0.009639173895886824)
(1.043622488264329,-0.01333898955336995)
(1.047630507511688,-0.01345843971916593)
(1.107402217562292,-0.01236213051533556)
(1.087408001405808,-0.01270276140200408)
(1.060102072785331,-0.008706534230742375)
(0.9925214033015145,-0.001126454994052366)
(0.9722461674906764,0.0003150158017047797)
(0.9911880556326601,-0.01032088428978595)
(0.965435479915941,-0.002234979150367313)
(0.9530298473581612,-0.005678572431124222)
(0.9668754128196695,-0.009413008371315305)
(0.9991025513304654,-0.005444202329608279)
(0.988092840635061,-0.002249334981231471)
(0.9578589218396425,0.003554087851508208)
(0.9337656709701191,0.005138242815077855)
(0.94305024271145,0.004786358252628142)
(0.9982145854977973,-0.006977975898062221)
(1.00555917265937,-0.005289559370096775)
(1.012767100666778,-0.001183518342322476)
(0.9856805764736289,-0.003722618420475549)
(1.013796804759174,-0.001285670910401302)
(0.9947873494727254,-0.001840037093236396)
(0.9978755634148326,-0.009799464135139449)
(0.9745355938729706,-0.003988292306413193)
(0.9681071288484671,-0.00384911471415372)
(0.9849831071907017,-0.009331276632593739)
(1.000155889025943,-0.01382702499798769)
(1.005981257033845,-0.01427000830356192)
(0.9302753553371828,0.004675426856644216)
(0.9555616859426251,0.0009105200540636274)
(0.9335049270199544,0.001646600538504761)
(1.418226639152716,-0.02221959416695024)
(1.297498456092369,-0.01579682738515395)
(1.385681339591946,-0.02570455232117355)
(1.246531135580697,-0.02100169108778241)
(0.9291524979903876,0.001721343690006275)
(1.014801481687827,-0.002884721548517735)
(1.143692608371395,-0.01033999716809118)
(0.9310634751026237,0.0009071435806478328)
(1.014665796153941,-0.00647724542253833)
(1.121626629669623,-0.01235822533633461)
(1.025378785545322,-0.002505564740513822)
(0.9847641293306471,-0.001483136915758544)
(0.9935517140702533,-0.0007193247248337561)
(1.021049995651726,-0.003026028932766317)
(1.017158027939917,-0.004830526525561382)
(1.000187624207615,-0.004306836266702248)
(0.9168998691867056,0.01817745893604613)
(0.9225020189837697,0.01804295760343067)
(0.8904071838603873,0.02113544533091273)
(0.9182371035753114,0.02132320136939232)
(0.9052809600226925,0.02372443352854462)
(0.8850505773954264,0.02342847218347569)
(0.9854403688643195,-0.006221681081542447)
(0.9763739181852933,0.0005352720975905949)
(0.9595863391001505,0.004017937989603018)
(1.078077313536679,-0.01194682228060665)
(1.100821598350533,-0.009700722602546659)
(1.05276881932019,-0.006645790599996304)
(1.011750714853183,-0.0128336406360421)
(1.008663819030813,-0.008717607470826167)
(0.8806251140485766,0.008509265208430159)
(0.8586334316792412,0.006579206860084183)
(0.8501464879466951,-0.0004314180843717006)
(0.8914956621775486,0.002017812760419496)
(0.8686717164607617,-0.00761169429530344)
(0.8851703746317954,-0.005944930293421477)
(1.325339396739307,-0.01465144246374321)
(1.500853062598097,-0.01978164507863259)
(1.386622228763686,-0.0149867202427318)
(1.185540258511899,-0.01387143736301812)
(1.26580091874558,-0.01675108841084039)
(1.516419112723861,-0.02400985246008217)
(1.448773088790577,-0.02238618135529118)
(1.451963181504672,-0.02205718121238285)
(1.345258955674696,-0.01933848604921249)
(1.305818488595408,-0.01874097761247311)
(1.342815796440707,-0.01968459003852874)
(0.885652858758772,0.002719983572517934)
(0.8496657590208889,0.008685019768698496)
(0.8659381824840241,0.005157090690862224)
(0.877472845117536,0.003058898853792132)
(0.8707180944280526,0.006076036404269024)
(0.847753074471032,0.00939723843500033)
(0.9558881461162795,-0.003169455288409636)
(0.9678821775097545,-0.00319621407354433)
(1.051938173574082,-0.007747535142656796)
(1.008014658961843,-0.004974494398529226)
(0.9908420877662742,-0.005307708023855995)
(1.003373510220179,-0.007083805775663254)
(0.9573410746410564,0.01219698350501816)
(0.9577859901879593,0.0102976777962277)
(1.043090035348417,-0.01380715399045126)
(1.063227243401173,-0.01217733991814237)
(1.072522557525607,-0.01308880778420361)
(1.0498212708804,-0.01382202108091466)
(1.088128095751459,-0.01036963799924542)
(1.086812316980755,-0.009901598645464653)
(0.969297110368751,-0.005796884705036731)
(0.9707592163510957,-0.006630263163056946)
(0.9889314531964937,-0.009943935328865899)
(1.008929802000263,-0.01289738984903363)
(0.9868463117851846,-0.01110147422028119)
(0.9646635060740599,-0.009255737751136918)
(0.9328054773049114,0.00414624403756669)
(0.8885756368534825,0.00469507615931479)
(0.9191965380333096,0.001822903731875896)
(0.9414321684914055,0.0008725489294418794)
(1.014946275617,-8.055118099803914e-05)
(1.022653820737547,0.001171049376628172)
(1.029669811225587,-0.001682257475174989)
(1.025391919659279,-0.003926121052536433)
(0.9249808627913396,0.008653693664074005)
(0.9226023649637416,0.008024911538202204)
(0.908062653200686,0.0128134799765752)
(0.9188429108613269,0.01059495886888071)
(0.9087571977606642,0.00932012899421149)
(0.9013577898179574,0.01202180681158508)
(0.9499151380830585,0.003884357128983798)
(0.9618560762319758,0.001331898965416262)
(0.9515827586845643,0.003549277789174134)
(0.9764908295572908,0.0002985151370280622)
(0.9719453301973762,0.0007103585982822318)
(1.117766456196626,-0.001198741583108909)
(1.072088622578726,0.001617462474786393)
(1.054261762966227,-4.436090762636355e-05)
(0.8294337122917587,0.01371622970207714)
(0.9208029064596193,0.01073909373897765)
(0.8934665305560613,0.01113909399784909)
(0.8731744677759066,0.01163082194915752)
(0.8628451089164342,0.01240359996729281)
(0.8071424678119654,0.01426861866894013)
(1.034116827471048,-0.005235466847500129)
(1.014054083967326,-0.005742736061151986)
(0.9915835602323945,-0.006438954286929734)
(0.9341209031828319,-0.005032066362934785)
(0.9154230629533503,-0.00541927631357263)
(1.002074831694869,-0.006074970241203616)
(0.9561227572812002,-0.007419099647948292)
(0.9934749194257042,-0.007523525641707834)
(1.026673208487444,-0.01384097274985308)
(1.037095293636025,-0.01326815731616846)
(1.046341138834872,-0.01411060349765658)
(0.9741845201127294,0.009213061362636166)
(0.9698734792731497,0.008622579737376622)
(0.9527434423906017,0.009186182520287595)
(0.964059160851129,0.007619098201073237)
(0.9565139661593886,0.012809924089887)
(0.9653569480855027,0.01609149530725624)
(0.9610242788760444,0.01163606541785196)
(0.9635039391564898,0.01603039121700806)
(0.9522073257849939,0.02406258960975318)
(0.9769414581111205,0.02386694542483176)
(0.9502578522443482,0.02169466970178431)
(0.9710481049993629,0.01894824811603267)
(0.9944202406738717,0.01973843741190079)
(1.001642573421248,0.0223777076440218)
(1.068977136644993,-0.006874221996377603)
(1.060957830663524,-0.008890667984467275)
(1.059970379478357,-0.001170845005890077)
(1.059245478541987,0.0004574919121044588)
(0.9614212827317198,0.01073469050370185)
(0.936019621688712,0.01188876257751256)
(0.9162248246614143,0.004508330701194654)
(0.9651724627828409,0.005262492557703017)
(0.9385286510093077,0.0001240029792977808)
(0.875640006868044,0.005250092342296842)
(0.8913807228369254,-0.001573252175715424)
(0.9570927518548209,-0.0008021803549780584)
(0.9165718645573961,-0.004262972114473971)
(0.9978420792194266,0.0007103179864333686)
(0.9313875871364578,0.005136340298002966)
(0.9160961335899016,0.00560233020247959)
(0.9819497993683911,0.003576265796594922)
(1.32726053479374,-0.01402258945522069)
(1.23773941325381,-0.008903167308434668)
(1.202960228431942,-0.006013650297412318)
(1.299395721515159,-0.01194956305113416)
(1.144745542465137,-0.002658041503307805)
(1.12759548918495,-0.0009677593100800403)
(0.8826357052526603,-0.002418000867940457)
(1.0144353339916,-0.00923449473781918)
(1.041202507602931,-0.008785355633726967)
(1.036759164133762,-0.002567112335597034)
(1.040353253394802,-0.0005793790337431625)
(1.041454559911157,0.001588579251902507)
(1.037012743912598,0.004122571596149783)
(1.030705543009083,0.002812993417471085)
(0.9961403323140524,-0.005859308741216092)
(1.003275070989791,-0.006283016981001354)
(1.013713287853731,-0.008547215420035207)
(1.018352184169575,-0.002018035182153325)
(1.039349032964695,0.001184804362560545)
(1.030389384474443,-0.005444137313810295)
(1.036276254619081,-0.003587393599238718)
(1.027565339056072,-0.008347582615125278)
(1.023349947639486,-0.007641405355855127)
(1.036076131845182,-0.002242475484543476)
(1.028226247468963,-0.003870586819967645)
(0.9854907771651898,0.004036810635086279)
(0.9706532606082481,0.006890996722280504)
(0.9646139265139203,0.00506863586251126)
(0.9740132888755907,0.001328323145795978)
(1.014568228302445,0.005790723635125002)
(1.006186683016387,0.005535451517574229)
(1.011786267506346,0.008037161866655517)
(0.9943388229705812,0.008270175785675118)
(1.017913147510514,0.008623300101118413)
(1.02012243460782,0.009862312950036617)
(1.016191757283521,0.006522157427460625)
(1.004957156152173,0.00638200072395198)
(1.013317581744706,0.007861764673493647)
(1.021215870981264,0.00937299511168529)
(1.02718132974058,0.009397276592671566)
(1.035223996766816,0.006303189905859491)
(1.027729257224124,0.00774429566232545)
(0.9913621089790985,-0.0002536555448661227)
(1.002293920658628,-0.0001438256072219576)
(1.009247278940044,0.0002176834264239872)
(1.006634893866593,-0.001131263781270249)
(1.000688421555863,-0.001303367008898969)
(0.9904438637773416,-0.0003075965526961434)
(0.841826704177856,0.01160474303178001)
(0.8376601571717671,0.004076454663596173)
(0.8302465207735672,0.00904929716978526)
(0.9137550008357017,-0.002910998984810825)
(0.9602938279231756,0.0009875269252217762)
(0.9079659538927376,0.009639601813271038)
(1.83771104559301,-0.04106324192572718)
(1.833753398070913,-0.0416096115951084)
(1.927043592679688,-0.05117691148527874)
(1.873467780951131,-0.04512755469188699)
(1.863896772087586,-0.04482855714556565)
(1.948319797843751,-0.05217458600529071)
(1.919015332043123,-0.04925866728158487)
(1.497118109823087,-0.03971220640070171)
(1.680379110813341,-0.04594974692092765)
(1.936910042530607,-0.05126413525900336)
(1.898520909953111,-0.05186305775217601)
(1.899231900489141,-0.04574447616853217)
(1.852364943469113,-0.04036777580511784)
(1.727975863115555,-0.02905074679906384)
(1.720764940736762,-0.0412120247291719)
(1.830486001872369,-0.04466751203112705)
(1.820669232718415,-0.0390031308015195)
(1.689980141357501,-0.02303579444261648)
(1.719370123596342,-0.02646344991877721)
(1.553891593890546,-0.01332363601143157)
(1.63341294776501,-0.02059109629440718)
(1.437859192430712,-0.01288534511671552)
(1.455944289026704,-0.009586915771012821)
(1.376939743203919,-0.004085821591855365)
(1.203710005636431,-0.01335283717489984)
(1.295640798616534,-0.01698867048695711)
(1.396829844683029,-0.02066178829974736)
(1.390244201130897,-0.01940696927960134)
(1.178497168126852,-0.01153710205105496)
(1.265985526425022,-0.0140069629662114)
(1.288584061463724,-0.01560771929082301)
(1.202496589061787,-0.01313879815269582)
(1.11909361268562,-0.01030391757228694)
(1.10995044711844,-0.009928183216263046)
(1.041603669370359,0.008174368447779384)
(1.033967456801204,0.009413837393027733)
(1.026433362058649,0.01186093181439377)
(1.076991187368369,-0.0007375376113911441)
(1.092181876496253,-0.005538996585284761)
(1.943295693820066,-0.04061410847944356)
(1.86144685684872,-0.03665483987317208)
(1.944008364687844,-0.03888176868903841)
(1.774563957838462,-0.03716726257821334)
(1.787042934408852,-0.03991281526079637)
(1.866402748783441,-0.04106884065335464)
(1.026264679321625,0.009170264888322543)
(1.024322500666857,0.008692430000709744)
(1.032120048896377,0.007986363146245437)
(1.035983194285055,0.007951497069177809)
(1.022354591952374,0.008325125272342049)
(0.9903295585903944,0.008420042465658358)
(1.018075242576176,0.001248916435221989)
(1.015708176632867,-0.004490079956763832)
(1.025226335300865,-0.007445713714398426)
(1.026938595739683,-0.002397998766718455)
(1.00518004256891,-0.0006510381792333387)
(0.9959245810601619,1.906328736630636e-05)
(1.055927268053409,0.002192304862158048)
(1.077264774125857,-0.003483647065311857)
(1.038766750277322,0.002169138677763049)
(1.031070375748566,-0.0002285195212089231)
(1.061494698337037,-0.005950179425464259)
(1.028359417930158,-0.002653083016663822)
(0.9677102843106248,0.006864217914380157)
(0.956446091823563,0.005528139256234501)
(0.9962155456382698,0.007582316691918533)
(1.003586946532049,0.006905017115596527)
(0.9902152671993135,0.004352248744461611)
(0.9701082146454224,0.00364623091516327)
(0.9713864827451101,8.671294604217612e-05)
(0.9642649155384816,-0.000662868519007748)
(0.9782646010354163,-0.005766170808437614)
(0.9669718017209358,-0.01368465282894096)
(0.9628319159739523,-0.01287676086184118)
(0.9676852387385565,-0.008355605875977241)
(1.333203412589236,-0.01425143616877638)
(1.379780986591726,-0.0165488747636084)
(1.377180091362397,-0.01639021388470372)
(1.503277443575567,-0.02309554509316687)
(1.563926438156208,-0.02539135265496932)
(1.498221161867814,-0.02136711963312091)
(0.9496314002352938,-0.003845384912893208)
(0.9311932856364639,-0.002569001514586471)
(0.9165932788767351,-0.001619907688011776)
(0.9712317824399918,-0.00560347452292626)
(0.9345881164884619,-0.002822057243318676)
(0.9702539456281645,-0.005403207795472266)
(1.158017737998703,-0.01367084182650965)
(1.088983886821251,-0.01073351540791731)
(1.149631409182047,-0.01343200729877169)
(1.202261547640463,-0.0155026841655932)
(1.071841853610335,-0.01048757830784314)
(1.052224921911371,-0.009671146678235303)
(0.8967517854858886,0.008363272530745815)
(0.889280177466935,0.01234803055069659)
(0.8605676026751953,0.01564335356687905)
(0.8751188220995881,0.008045134718239812)
(0.8507847799792674,0.01069725249170971)
(0.8424190574800509,0.01420565520034091)
(1.022083402383155,-0.003336517622850435)
(1.035881614283297,-0.008781261981627583)
(1.021727497263291,-0.00602664626842339)
(1.03021104243365,-0.007331362254869353)
(1.028762792771211,-0.005523475782241061)
(0.9718296009478475,-0.009767327883146526)
(0.9961933103860764,-0.001735988226749918)
(1.066687945200288,-0.001744276553994383)
(1.051943144289925,-0.006151632856560077)
(1.052915090442224,-0.01011878567352688)
(1.057491030319259,-0.0113229112954041)
(1.025552137839338,0.003281489946080502)
(1.031101573949169,0.003149716809123214)
(1.021755921208424,-0.001959231119316248)
(1.035810601005889,-0.006977069539770493)
(1.058812030492982,-0.006326328949952184)
(1.048337535355176,0.001476450513932303)
(1.069679762284135,-0.001005191243082168)
(0.9311655165269636,0.002684223169662972)
(0.9114578727025844,0.01330322232931786)
(0.9270377126741788,0.0111063397960709)
(0.9759690961698179,0.007792883003839137)
(0.9943816201889668,0.007123366501760411)
(0.9327099382366729,0.008371557057485097)
(1.032263399232511,0.0007871703438151996)
(1.105229194219112,0.00325717642061439)
(1.050681823721771,0.003142311631715339)
(0.9148974091842242,0.007951932096469997)
(0.8845861207474371,0.002743938435957995)
(0.8597330979034273,-0.003917114468868894)
(0.869936852533848,-0.005002167267791667)
(0.8717124903856008,-0.006537919882095566)
(0.8873871205363215,-0.01192889060808967)
(0.8845001086772124,-0.01059717520431454)
(0.9141415158088595,-0.01700204285616145)
(0.9067835661739193,-0.01731607914982146)
(0.8886108582418436,-0.01426482775783838)
(0.9409586261080172,0.01235563800173032)
(0.9456728017025584,0.02135785312753534)
(0.9400988430528091,0.02020069410665284)
(1.036853392125741,-0.008029305282010929)
(0.894811611503346,0.01196514290014825)
(0.8744354376684602,0.01513675208193441)
(0.9309584139838543,0.02163909389179236)
(0.9377068503161982,0.009277918245915426)
(0.9144059799375747,0.01495156791998808)
(0.9951520220478997,0.0262078239645103)
(0.9904009078046857,0.02615960543299364)
(0.9543704051500629,0.02272233389328491)
(0.9501110185359156,0.02337978787151253)
(1.04305928869998,0.02506662187894587)
(1.136407008680318,0.02191286108646583)
(1.002581572516844,0.02309865827751247)
(1.037059496826397,-0.0008374538119585762)
(1.025196068038461,-0.002981873260987346)
(1.029652809717456,-0.002856838722502682)
(1.023964535063379,-0.001179059929586871)
(1.032250871768423,0.0003395328187109648)
(1.01154448906602,-0.01041424390122097)
(1.008881610600793,-0.009887978887352071)
(0.9994172956598153,-0.005716812946009214)
(0.9938099202467439,0.0002352677095340791)
(1.013186113611835,-0.003551567236392209)
(1.020372036520552,-0.004379846322974175)
(0.9892932307952237,-0.0005943785384131591)
(1.015787970519198,0.009955156770873492)
(1.025328360044097,0.009417989402906718)
(1.526546964919753,-0.008203472267652903)
(1.584815804189316,-0.01266449290835945)
(1.05966837089483,0.02439117157936018)
(1.152089647892479,0.02084508001519723)
(1.279355370828047,-0.003102800978023831)
(1.007824703419527,0.009444364618652511)
(0.9945175343516596,0.009841279333366974)
(0.9986042320419912,0.01031818533293856)
(1.009707459275709,0.01035152850779313)
(0.9842442421298183,0.001378677253545983)
(1.000311369727814,-0.000152049657678473)
(0.97095304070109,0.005726992055496486)
(0.9846086453269002,0.006602362546450826)
(0.9715504152569217,0.003931134473672077)
(0.9826734526348654,0.002771387274774818)
(0.999389714645303,0.004557923236940955)
(1.001178438224136,0.002642579470911411)
(1.03204321639104,-0.00661464834678869)
(1.028071675404057,-0.001465809386218949)
(1.041932716314197,-0.009391668265480334)
(1.011035259811946,0.004854364194668238)
(1.022007927985276,0.002040048458950743)
(1.020975204769423,0.003295300971768199)
(1.006119475545334,0.007796401206117274)
(1.013004459437041,0.008687106887056893)
(1.019439912243427,0.007455851474660462)
(0.976601497004726,0.0006159679429785358)
(0.9807505486499897,0.0001680727054594698)
(1.00467883577989,0.0008881243684394024)
(1.010413303891151,0.004500026046135725)
(1.017164322876642,0.001445904138133697)
(0.9706933571273417,-0.01884989152564905)
(0.9835763927757393,-0.01449543841837276)
(0.9923024712951544,-0.01886522989215253)
(1.01433150012386,-0.01767549915715092)
(1.027278155737486,-0.01599605325657777)
(1.018742533229462,-0.01352891395308)
(0.9702840448464596,-0.00352152731605641)
(0.969524912436356,-0.007523902089567247)
(1.011119526180185,-0.008699318193432334)
(1.018088492915503,-0.007748245635353745)
(0.9381124897894946,0.003740251485075897)
(0.9382399557905793,0.006671292962577557)
(1.011511107144607,-0.001631432722438682)
(0.9762479335720349,-0.0007210595559581257)
(1.00443894430831,0.00250013863236995)
(0.9639717328065167,0.006834644671731791)
(0.9194044733858111,0.0120101345645487)
(0.9253251411870533,0.01120365500556692)
(0.9110160438474308,0.01360660531754383)
(0.918461272073655,0.01376982131088274)
(0.9474835302858958,0.01139782141929618)
(0.9435262976429637,0.0106295428009859)
(0.9405874006290967,0.01104185081013269)
(0.9777205473379551,0.01519760564224576)
(1.009232638118027,0.01220502513618116)
(0.9136310457580663,0.01683910024872122)
(1.055726671108768,-0.0111519466695818)
(1.051189599083641,-0.01084774311496857)
(0.9689025083816479,0.006283499351499486)
(1.012362356125982,-0.003722002354704069)
(1.03095533338793,-0.007429026651966352)
(1.19033752755501,0.006407855329400648)
(1.19916765059777,0.0006812986418798031)
(0.9378758315047537,-0.004655618935864882)
(0.9061876246031177,-0.01047577408043726)
(0.9416759359065729,-0.01271165390146127)
(0.9181034449704352,-0.0141292137597666)
(1.028436628351714,0.01909381190484822)
(1.095264830136417,0.016392948972034)
(1.106562223059087,0.009622939354508881)
(1.041499176880339,0.006630985536855892)
(0.9532611779568313,0.02214932442980876)
(1.042409001698062,0.02147314856385451)
(0.9537508588850018,0.01411791281307309)
(0.9171713301763726,0.01837712387414109)
(1.026454712452477,-0.003569825631090235)
(1.01830639978208,-0.003667537437370509)
(1.025095139806712,-0.003616949167658575)
(1.000880573303393,-0.00263867509194002)
(1.012404398788654,-0.00423245266195265)
(1.00145415216945,-0.003571604658630269)
(0.9783937772069576,0.001503012422708085)
(0.9917475131721524,0.0005756284008280995)
(0.9899484581735862,0.008426685319243048)
(1.001714447021011,0.009003136332961332)
(0.9966406765690483,0.00663202124813107)
(0.9776910544481934,0.004129007807737747)
(0.9650382928432818,0.004041243105655031)
(0.9657746507984285,0.005941489780036295)
(1.025385151398021,0.007850016791212541)
(1.033222329879385,0.006134265348242792)
(1.00825805436973,0.003017072169148695)
(1.010558980765355,0.00605732179054041)
(1.033287708178437,0.00330029058932873)
(1.021318030871712,0.001507053319218626)
(1.343969727665768,0.007930524594052812)
(1.192707354075638,0.0147914206447812)
(1.216666357476665,0.01628553992945727)
(1.420816450845132,0.0003652406324427039)
(1.353615056147351,0.002091706642936213)
(1.260860430641872,0.007340137926309199)
(1.630450777746679,-0.02384957540542035)
(1.617727513347615,-0.02966147308953796)
(1.369491219910719,0.005838948026160353)
(1.263612043577874,0.01252183311520015)
(1.498353869797312,-0.006015277018442446)
(1.509323543505883,-0.01088563333347235)
(1.120434217257488,-0.00806999099956107)
(1.164181750558489,-0.006769771045892953)
(1.281862427864194,-0.01172136519780642)
(1.320875743680708,-0.01026085336261144)
(1.258132969820774,-0.006943449637131612)
(1.13282528058,-0.009096128043495596)
(1.188242661565251,-0.01031684019649449)
(1.018270594705791,0.009950742165236209)
(1.027945416715041,0.009033010773147223)
(1.032905044614642,0.009229281750585223)
(1.029693670836893,0.00980186463657627)
(1.025041024224674,0.01008279860193148)
(1.019748998679366,0.01050223743945157)
(1.017011843922546,-0.00146197992359216)
(1.041058529102006,-0.006968022678074241)
(1.017138055463847,-0.0005060222689659089)
(1.029271739165119,-0.002696317541872053)
(1.043218336067564,-0.00706805496083089)
(1.033651828165316,-0.004384595968799579)
(0.9345038744272931,-0.002409663140017909)
(0.920312937744424,0.0002369353931883362)
(0.8850474184480107,-0.001990577080206635)
(0.9235043813834855,-0.003886099920636845)
(0.9014257101812954,-0.0004311903631303565)
(0.9168523793475413,3.274492846622107e-05)
(1.055216557824589,-0.002611330930719304)
(1.02714488581824,0.002503084561124818)
(1.119148915867887,-0.01531798960400068)
(1.019515428123353,-0.005015213638226594)
(1.004098310143727,-0.003613987135123475)
(1.027519379433713,-0.007676282163477303)
(1.031961361418796,-0.007859615571857659)
(1.036241774172615,-0.008517533411107371)
(1.104407584722168,-0.004930579564298495)
(1.11922581911396,-0.001265970177192763)
(1.046099933120265,0.0003625445886519727)
(1.0297797738852,-0.007715910570615166)
(0.983935020991888,-0.008224015853830074)
(0.9838352722834866,-0.00438193183191536)
(0.9194570188059134,0.01399162284389423)
(0.9618545961820653,0.0143470398360625)
(0.9781404021601733,0.007636360850965153)
(0.8806216169888478,0.006924301775754179)
(0.8892091965683619,0.001195725573768811)
(0.926556137000466,0.001380875030307913)
(1.401495443397711,-0.02858737500056709)
(1.45678697697077,-0.02273739746658241)
(1.217810495740938,-0.02040982518824664)
(1.120797005246911,-0.007066343627240466)
(1.123770178872526,0.01439770281440117)
(1.25708096445562,0.008345611437105051)
(1.374166286896114,-0.003608480705853181)
(1.343262902842168,-0.009541005852977175)
(1.084211083802076,0.009501371940865772)
(1.177630390686869,-0.001854469573504906)
(1.032864188196484,-0.008451280723114442)
(1.124256518101191,-0.01894936133540566)
(1.083364738949573,-0.01419831929455285)
(1.07094537468372,-0.01370607992439276)
(0.9344134032193495,0.006264773287113803)
(0.9891510900351494,0.002204779535417654)
(0.9841316335022359,0.001852679865434623)
(0.9926384326897749,0.0009734252815071281)
(0.951473321049371,0.01044717905977934)
(0.9440825814623285,0.01802332026599162)
(0.9492382464056744,0.01730144148665751)
(0.9655831012657349,0.009293355678439573)
(0.8936186716763064,0.004756009417404148)
(0.8578567704477167,0.001303970024774297)
(0.8692902941238795,0.002929482653125101)
(0.8657300013851625,0.006053025591931661)
(0.9006049097396219,0.01277113747737027)
(0.9286881148940945,0.009280709029026243)
(0.8791102988461635,0.007965801476557993)
(0.8971588933815143,0.005184109620484942)
(0.9936774020456872,-0.002820839880952151)
(0.941573637946441,0.001722289380193569)
(1.060763365936119,-0.01170959635936234)
(1.018265317929432,-0.006673975655383616)
(0.9553772346159918,0.002560472422580756)