643 663
25 223
59 11
1157 1168
1000 1039
21 1064
624 643
286 263
24 440
625 23
105 92
129 130
22 877
757 743
757 774
19 1174
679 698
44 32
264 244
36 27
528 31
26 74
723 680
742 722
510 548
567 548
3 1156
5 1143
5 1124
1123 1124
1103 1085
1000 6
962 938
792 811
1 831
1 811
1142 3
1142 1120
15 377
24 378
9 378
205 25
205 10
148 161
105 106
129 106
29 160
22 832
898 877
492 474
1088 1087
979 963
979 6
679 663
491 473
305 317
400 419
400 15
352 30
352 377
44 60
264 287
36 12
73 13
939 940
939 919
1147 1157
547 31
1167 1155
1165 1164
1165 1166
222 263
723 743
978 999
978 17
1169 1168
1169 1170
1172 4
1172 1173
742 16
204 222
204 14
107 149
107 108
510 492
567 8
161 10
7 812
938 918
1170 4
439 419
11 60
318 287
318 336
832 812
1144 20
1144 1143
1123 1104
21 1039
792 16
1038 2
1038 1063
18 1120
18 1122
30 317
182 14
35 34
9 336
93 108
28 71
57 71
182 160
455 474
680 664
23 664
20 1146
1087 1064
1088 1104
1086 1063
1102 1103
1155 1156
439 473
305 286
33 34
32 33
74 93
57 13
28 56
29 130
455 440
940 963
898 919
852 831
897 918
17 962
999 2
1086 1085
1102 1122
1167 1166
1164 1174
528 491
27 35
244 223
148 149
59 58
26 58
73 92
584 8
625 584
774 7
1147 1146
876 897
876 852
19 1173
722 698
624 0
583 547
583 0
42 43
38 12
42 41
38 39
40 39
56 43
40 41