0 582
583 0
0 602
0 624
1 810
811 1
1 831
2 998
999 2
2 1015
2 1038
3 1140
3 1141
1142 3
3 1156
4 1161
4 1170
4 1171
1172 4
5 1107
5 1124
5 1125
1143 5
6 964
6 979
1000 6
7 774
7 793
812 7
7 813
8 567
8 568
584 8
8 603
9 336
9 353
9 354
378 9
10 161
10 162
10 183
10 184
205 10
59 11
11 60
11 76
11 77
36 12
12 37
12 38
12 51
57 13
13 72
13 73
13 90
182 14
14 203
14 204
15 376
377 15
15 398
15 400
742 16
16 756
16 773
16 792
17 961
962 17
17 977
17 978
18 1120
18 1121
1122 18
19 1162
19 1163
19 1173
1174 19
20 1126
20 1144
20 1145
1146 20
21 981
21 1039
21 1040
1064 21
22 832
22 833
22 853
877 22
23 625
23 626
23 644
664 23
24 378
24 401
24 420
440 24
25 205
223 25
25 224
25 245
26 58
74 26
26 75
26 94
35 27
27 36
27 48
27 49
56 28
28 70
28 71
28 88
130 29
29 160
29 180
29 181
30 316
317 30
30 351
30 352
528 31
31 546
31 547
31 566
32 33
44 32
32 45
32 62
33 34
33 45
33 46
34 35
34 46
34 47
35 47
35 48
36 37
36 49
37 49
37 50
37 51
37 66
38 39
38 51
38 52
39 40
39 52
40 41
40 52
40 53
41 42
41 53
41 54
42 43
42 54
42 55
43 55
43 56
43 69
60 44
44 61
44 62
45 46
45 62
45 63
45 80
46 47
46 63
46 64
47 48
47 64
47 81
48 49
48 65
48 81
49 50
49 65
50 65
50 66
50 82
50 83
51 52
51 66
51 67
52 53
52 67
52 68
53 54
53 68
53 86
54 55
54 86
54 87
55 69
55 87
56 69
56 70
71 57
57 72
57 88
58 59
58 75
59 75
59 76
60 61
60 77
61 62
61 77
61 78
61 79
62 79
62 80
63 64
63 80
63 98
64 81
64 98
64 118
65 81
65 82
66 67
66 83
66 84
67 68
67 84
67 85
68 85
68 86
69 70
69 87
69 101
69 102
70 88
70 102
71 88
72 88
72 89
72 90
72 125
73 90
73 91
73 92
93 74
74 94
74 109
75 76
75 94
75 95
75 112
76 77
76 78
76 96
76 112
77 78
78 79
78 96
78 97
79 80
79 97
79 116
80 98
80 116
81 82
81 118
81 119
82 83
82 119
82 138
83 84
83 99
83 138
84 85
84 99
84 100
85 86
85 100
85 121
86 87
86 121
86 122
87 101
87 122
88 102
88 125
89 90
89 103
89 125
89 126
89 143
90 91
90 103
91 92
91 103
91 104
91 127
92 104
92 105
108 93
93 109
93 132
94 95
94 109
94 110
95 110
95 111
95 112
95 113
96 97
96 112
96 113
96 114
97 114
97 115
97 116
98 116
98 117
98 118
98 135
99 100
99 138
99 139
99 140
100 120
100 121
100 140
101 102
101 122
101 123
101 124
102 124
102 125
103 126
103 127
103 144
104 105
104 127
104 128
104 145
105 106
105 128
106 128
106 129
106 146
107 108
107 131
149 107
107 150
108 131
108 132
109 110
109 132
109 133
110 111
110 133
110 134
111 113
111 134
111 152
111 153
112 113
113 114
113 153
113 154
114 115
114 154
114 169
115 116
115 135
115 155
115 169
116 135
117 118
117 135
117 136
117 170
118 119
118 136
119 136
119 137
119 138
120 121
120 140
120 141
120 157
120 172
121 122
121 141
122 123
122 141
123 124
123 141
123 142
123 173
124 125
124 142
124 143
125 143
126 143
126 144
126 174
126 175
127 144
127 145
127 176
128 145
128 146
128 158
129 130
129 146
129 147
130 147
130 180
131 132
131 150
131 151
132 133
132 151
133 134
133 151
133 165
134 152
134 165
134 166
135 155
135 170
136 137
136 156
136 170
137 138
137 139
137 156
137 171
138 139
139 140
139 171
139 193
140 157
140 193
141 172
141 173
142 143
142 173
142 174
142 196
143 174
144 175
144 176
144 197
145 158
145 176
145 177
146 147
146 158
146 159
147 159
147 180
148 149
161 148
148 162
148 163
149 150
149 163
150 151
150 163
150 164
150 186
151 164
151 165
152 153
152 166
152 167
152 168
153 154
153 168
154 168
154 169
154 189
155 169
155 170
155 190
155 211
156 170
156 171
156 191
156 192
157 172
157 193
157 194
157 213
158 159
158 177
158 178
159 178
159 179
159 180
160 181
160 182
160 202
161 162
162 163
162 184
162 185
163 185
163 186
164 165
164 186
164 187
164 209
165 166
165 187
166 167
166 187
166 188
167 168
167 188
167 210
167 228
167 250
168 189
168 210
169 189
169 190
170 191
170 211
171 192
171 193
171 212
172 173
172 194
172 195
172 235
173 195
173 196
174 175
174 196
174 214
175 197
175 214
175 215
176 177
176 197
176 198
177 178
177 198
177 199
178 179
178 199
178 200
178 201
179 180
179 181
179 201
179 218
180 181
181 202
181 218
182 202
182 203
183 184
183 205
183 206
183 224
184 185
184 206
184 207
185 186
185 207
185 208
186 208
186 209
187 188
187 209
187 226
188 226
188 227
188 228
189 190
189 210
189 230
190 211
190 230
190 231
191 192
191 211
191 232
191 233
192 212
192 233
192 234
193 212
193 213
194 213
194 235
194 254
195 196
195 235
195 255
195 256
196 214
196 256
197 198
197 215
197 216
198 199
198 216
198 217
199 200
199 217
200 201
200 217
200 238
200 239
201 218
201 239
201 240
202 203
202 218
202 219
203 204
203 219
203 220
203 221
204 221
204 222
205 224
206 207
206 224
206 246
206 247
207 208
207 225
207 247
208 209
208 225
208 248
209 226
209 248
210 229
210 230
210 250
211 231
211 232
212 213
212 234
212 274
213 254
213 274
214 215
214 236
214 256
215 216
215 236
215 277
216 217
216 257
216 277
217 237
217 238
217 257
218 219
218 240
219 220
219 240
219 241
220 221
220 241
220 242
220 260
221 222
221 242
221 243
222 243
222 263
244 223
223 245
223 265
224 245
224 246
225 247
225 248
225 268
225 269
226 227
226 248
226 249
227 228
227 249
227 270
228 250
228 270
228 271
229 230
229 250
229 251
229 326
229 327
230 231
230 251
231 232
231 251
231 272
232 233
232 252
232 272
233 234
233 252
233 253
234 253
234 274
234 293
235 254
235 255
235 275
236 256
236 277
236 296
236 297
237 238
237 257
237 278
237 279
238 239
238 258
238 279
238 280
239 240
239 258
240 241
240 258
240 259
241 259
241 260
242 243
242 260
242 261
242 283
243 261
243 262
243 263
264 244
244 265
244 288
245 246
245 265
245 266
246 247
246 266
246 267
247 267
247 268
248 249
248 269
249 269
249 270
249 291
250 271
250 326
251 272
251 327
251 341
252 253
252 272
252 273
253 273
253 292
253 293
254 274
254 275
254 294
255 256
255 275
255 276
255 296
256 296
257 277
257 278
257 298
258 259
258 280
258 281
259 260
259 281
259 282
260 282
260 283
261 262
261 283
261 284
261 302
262 263
262 284
262 285
262 286
263 286
287 264
264 288
265 266
265 288
265 289
266 267
266 289
266 308
267 268
267 308
267 322
268 269
268 290
268 322
269 290
269 291
269 309
270 271
270 291
270 325
271 325
271 326
271 340
272 273
272 341
273 292
273 341
273 342
274 293
274 294
275 276
275 294
275 295
276 295
276 296
276 330
276 331
277 297
277 298
278 279
278 298
278 299
278 311
279 280
279 299
279 300
280 281
280 300
280 312
281 282
281 301
281 312
282 283
282 301
282 313
283 302
283 313
284 285
284 302
284 303
285 286
285 303
285 304
285 305
286 305
287 288
287 306
318 287
288 289
288 306
288 307
289 307
289 308
289 321
290 309
290 322
290 323
290 324
291 309
291 325
291 358
292 293
292 342
292 343
292 364
293 294
293 328
293 343
294 295
294 328
295 328
295 329
295 330
296 297
296 331
297 298
297 310
297 331
298 310
298 311
299 300
299 311
299 347
299 370
300 312
300 370
300 371
301 312
301 313
301 332
301 333
302 303
302 313
302 314
302 334
303 304
303 315
303 334
304 305
304 315
304 316
304 317
305 317
306 307
306 318
306 319
306 337
307 319
307 320
307 321
308 321
308 322
308 338
309 324
309 358
310 311
310 331
310 345
310 368
311 345
311 346
311 347
312 332
312 371
313 314
313 333
314 333
314 334
314 349
314 350
315 316
315 334
315 335
315 373
316 317
316 335
316 351
336 318
318 337
319 320
319 337
319 355
319 380
320 321
320 338
320 355
320 356
321 338
322 323
322 338
323 324
323 338
323 339
323 357
324 339
324 358
324 382
324 407
325 340
325 358
325 359
326 327
326 340
326 361
327 341
327 361
327 362
328 329
328 343
328 366
329 330
329 344
329 366
329 367
330 331
330 344
330 368
331 368
332 333
332 348
332 371
333 348
333 349
334 350
334 373
335 351
335 373
335 374
335 375
336 337
336 354
337 354
337 380
338 356
338 357
339 357
339 406
339 407
340 359
340 360
340 361
341 342
341 362
341 363
342 363
342 364
343 364
343 365
343 366
344 367
344 368
344 391
344 410
345 346
345 368
345 391
345 411
346 347
346 369
346 411
346 430
347 369
347 370
348 349
348 371
348 393
348 394
349 350
349 372
349 394
350 372
350 373
350 395
351 352
351 375
351 376
352 376
352 377
353 354
353 378
353 379
353 401
353 402
354 379
354 380
355 356
355 380
355 381
355 404
356 357
356 404
356 405
357 405
357 406
358 359
358 382
359 360
359 382
359 383
359 384
360 361
360 384
360 385
360 386
361 362
361 386
362 363
362 386
362 387
363 364
363 387
363 388
364 365
364 388
365 366
365 388
365 389
365 390
366 367
366 390
367 390
367 409
367 410
368 391
369 370
369 392
369 430
369 431
369 432
370 371
370 392
371 392
371 393
372 394
372 395
372 414
372 415
373 374
373 395
374 375
374 395
374 396
374 397
375 376
375 397
376 377
376 397
376 398
378 401
379 380
379 381
379 402
379 403
380 381
381 403
381 404
381 422
382 383
382 407
382 424
383 384
383 424
383 425
383 447
384 385
384 425
385 386
385 425
385 426
385 449
386 387
386 449
387 388
387 427
387 449
387 481
388 389
388 427
389 390
389 408
389 427
389 428
390 409
390 428
391 410
391 411
391 429
392 393
392 412
392 432
393 394
393 412
393 413
394 413
394 414
395 396
395 415
396 397
396 415
396 416
396 417
397 398
397 417
397 418
398 399
398 400
398 418
399 400
399 418
399 419
399 437
399 438
400 419
401 402
401 420
401 421
402 403
402 421
402 443
403 422
403 443
404 405
404 422
404 445
405 406
405 445
405 446
406 407
406 423
406 446
407 423
407 424
408 427
408 428
408 450
408 463
408 482
409 410
409 428
409 464
409 483
410 429
410 464
411 429
411 430
411 451
412 413
412 432
412 465
412 466
413 414
413 433
413 466
414 415
414 433
414 434
415 416
415 434
416 417
416 434
416 435
416 469
417 418
417 435
417 436
418 436
418 437
419 438
419 439
420 421
420 440
420 441
420 456
421 441
421 442
421 443
422 443
422 444
422 445
422 457
423 424
423 446
423 459
423 460
423 461
424 447
424 461
425 426
425 447
425 448
426 448
426 449
426 481
426 516
426 517
427 450
427 481
428 482
428 483
429 451
429 464
429 484
430 431
430 451
430 485
431 432
431 485
431 486
432 465
432 486
433 434
433 466
433 467
434 467
434 468
434 469
435 436
435 452
435 469
436 437
436 452
436 453
436 471
437 438
437 453
438 439
438 453
438 454
439 454
439 473
455 440
440 456
441 442
441 456
441 476
442 443
442 444
442 476
442 477
443 444
444 457
444 477
444 478
445 446
445 457
445 458
446 458
446 459
447 448
447 461
447 462
448 462
448 480
448 516
449 481
450 463
450 481
450 500
450 517
451 484
451 485
451 502
452 469
452 470
452 471
452 488
453 454
453 471
453 472
454 472
454 473
454 490
455 456
474 455
455 475
456 475
456 476
457 458
457 478
457 479
458 459
458 479
458 496
459 460
459 496
459 497
460 461
460 497
460 498
461 462
461 498
462 480
462 498
462 499
463 482
463 500
463 501
463 518
464 483
464 484
464 519
465 466
465 486
465 487
465 504
466 467
466 487
466 505
467 468
467 505
467 506
468 469
468 470
468 506
468 507
469 470
470 488
470 507
470 525
471 472
471 488
471 489
472 489
472 490
472 508
473 490
473 491
474 475
492 474
474 493
475 476
475 493
475 494
476 477
476 494
476 495
477 478
477 495
477 513
478 479
478 513
478 514
479 496
479 514
479 533
480 499
480 516
480 536
480 537
481 517
482 483
482 518
482 539
483 519
483 539
484 502
484 519
484 563
485 486
485 502
485 503
486 503
486 504
486 521
487 504
487 505
487 522
488 489
488 525
488 543
489 508
489 526
489 543
490 491
490 508
490 509
491 509
491 528
492 493
510 492
492 529
493 494
493 511
493 529
494 495
494 511
494 512
495 512
495 513
496 497
496 515
496 533
497 498
497 515
497 535
498 499
498 535
499 535
499 536
499 557
500 501
500 517
500 538
500 562
501 518
501 562
501 574
501 591
502 503
502 520
502 563
502 575
503 520
503 521
504 521
504 522
504 541
505 506
505 522
505 523
506 507
506 523
506 524
507 524
507 525
507 542
508 509
508 526
508 527
509 527
509 528
509 546
510 529
548 510
511 512
511 529
511 530
511 550
512 513
512 530
512 531
512 532
513 514
513 532
514 532
514 533
514 553
515 533
515 534
515 535
515 555
516 517
516 537
516 538
517 538
518 539
518 591
518 634
519 539
519 563
519 592
520 521
520 540
520 575
520 576
521 540
521 541
522 523
522 541
522 564
522 597
523 524
523 565
523 597
524 542
524 565
524 578
525 542
525 543
525 580
526 527
526 543
526 544
526 545
527 545
527 546
528 546
529 548
529 549
529 550
530 531
530 550
530 551
530 569
531 532
531 551
531 552
532 552
532 553
532 570
533 534
533 553
534 553
534 554
534 555
534 571
535 555
535 556
535 557
536 537
536 557
536 558
536 559
537 538
537 559
537 560
538 560
538 562
539 592
539 634
540 541
540 576
540 577
540 596
541 564
541 577
542 578
542 579
542 580
543 544
543 580
544 545
544 580
544 581
544 598
544 599
545 546
545 566
545 581
546 566
547 566
547 582
547 583
548 549
567 548
549 550
549 567
549 568
549 569
550 569
551 552
551 569
551 604
551 605
552 570
552 605
552 606
553 554
553 570
554 570
554 571
554 586
554 587
555 556
555 571
556 557
556 571
556 572
556 588
557 558
557 572
558 559
558 572
558 589
558 590
559 560
559 573
559 590
560 561
560 562
560 573
561 562
561 573
561 574
561 611
561 612
562 574
563 575
563 592
563 593
564 577
564 597
564 615
564 616
565 578
565 597
565 617
566 581
566 582
567 568
568 569
568 585
568 603
569 585
569 604
570 586
570 606
571 587
571 588
572 588
572 589
572 608
573 590
573 610
573 611
574 591
574 612
574 632
575 576
575 593
575 594
576 594
576 595
576 596
577 596
577 614
577 615
578 579
578 617
578 618
578 619
579 580
579 598
579 619
579 620
580 598
581 582
581 599
581 601
582 583
582 601
582 602
584 603
625 584
585 603
585 604
585 627
586 587
586 606
586 630
586 631
587 588
587 607
587 631
588 607
588 608
589 590
589 608
589 609
589 648
590 609
590 610
591 632
591 633
591 634
592 593
592 634
592 635
593 594
593 635
593 636
594 595
594 613
594 636
595 596
595 613
595 637
595 711
596 614
596 637
597 616
597 617
598 599
598 620
598 621
599 600
599 601
599 621
600 601
600 621
600 622
600 640
601 602
601 622
602 622
602 623
602 624
603 625
603 626
603 627
604 605
604 627
604 628
605 606
605 628
605 629
606 629
606 630
607 608
607 631
607 669
607 670
608 648
608 670
609 610
609 648
609 671
609 687
610 611
610 649
610 671
611 612
611 649
611 650
612 632
612 650
612 689
613 636
613 690
613 710
613 711
614 615
614 637
614 653
614 692
615 616
615 653
615 654
616 617
616 638
616 654
617 618
617 638
618 619
618 638
618 657
619 620
619 657
619 658
620 621
620 639
620 658
621 639
621 640
622 623
622 640
622 641
623 624
623 641
623 642
623 643
624 643
625 626
626 627
626 644
626 645
627 628
627 645
627 646
628 629
628 646
629 630
629 646
629 647
629 667
630 631
630 647
630 668
631 668
631 669
632 633
632 672
632 689
633 634
633 635
633 651
633 672
633 673
634 635
635 636
635 651
636 651
636 690
637 691
637 692
637 711
638 654
638 655
638 657
639 640
639 658
639 659
639 660
640 641
640 660
640 661
641 642
641 661
641 662
641 677
642 643
642 662
642 663
643 663
644 645
644 664
644 665
645 646
645 665
645 666
646 666
646 667
647 667
647 668
647 684
648 670
648 686
648 687
649 650
649 671
649 688
649 707
650 688
650 689
650 750
651 652
651 673
651 690
652 673
652 690
652 709
652 732
652 802
653 654
653 674
653 692
653 693
654 655
654 674
655 656
655 657
655 674
655 714
656 657
656 675
656 694
656 714
657 658
657 675
658 659
658 675
659 660
659 675
659 695
659 696
660 661
660 676
660 696
661 676
661 677
662 663
662 677
662 678
662 679
663 679
664 665
680 664
665 666
665 680
665 681
665 682
666 667
666 682
666 683
667 683
667 684
668 669
668 684
668 685
668 701
669 670
669 685
669 703
670 686
670 703
671 687
671 706
671 707
672 673
672 689
672 731
672 751
673 709
673 751
674 693
674 713
674 714
675 694
675 695
676 677
676 696
676 697
676 719
677 678
677 697
678 679
678 697
678 698
678 721
679 698
680 681
723 680
681 682
681 699
681 723
681 724
682 683
682 699
682 700
683 684
683 700
683 746
684 701
684 746
685 701
685 702
685 703
685 726
686 687
686 703
686 704
686 705
687 705
687 706
688 707
688 708
688 750
688 781
689 731
689 750
690 710
690 732
691 692
691 711
691 712
691 733
691 734
692 693
692 712
693 712
693 713
693 735
694 695
694 714
694 715
694 716
695 696
695 716
695 717
695 718
696 718
696 719
697 719
697 720
697 721
698 721
698 722
699 700
699 724
699 744
700 744
700 745
700 746
701 725
701 726
701 746
702 703
702 704
702 726
702 748
702 762
703 704
704 705
704 727
704 748
705 706
705 727
705 729
706 707
706 729
706 730
707 708
707 730
708 730
708 764
708 781
708 801
709 751
709 784
709 802
710 711
710 732
710 733
710 785
711 733
712 734
712 735
712 752
713 714
713 715
713 735
713 736
714 715
715 716
715 736
715 737
715 738
716 717
716 738
717 718
717 738
717 739
717 755
718 719
718 739
718 740
719 720
719 740
719 741
720 721
720 741
720 756
721 722
721 756
722 742
722 756
723 724
743 723
724 743
724 744
724 758
725 726
725 745
725 746
725 747
725 760
725 761
726 747
726 762
727 728
727 729
727 748
727 763
728 729
728 749
728 763
728 780
728 798
729 730
729 749
730 749
730 764
731 750
731 751
731 765
731 783
732 785
732 802
732 823
733 734
733 785
733 803
734 752
734 803
734 804
735 736
735 752
735 753
736 737
736 753
736 754
737 738
737 754
737 768
738 755
738 768
739 740
739 755
739 770
739 771
740 741
740 771
740 772
741 756
741 772
741 773
742 756
757 743
743 758
744 745
744 758
744 759
745 746
745 759
745 760
747 761
747 762
747 778
748 762
748 763
748 779
749 764
749 798
749 799
750 765
750 781
750 782
751 783
751 784
751 820
752 753
752 766
752 804
753 754
753 766
753 767
754 767
754 768
754 786
754 787
755 768
755 769
755 770
756 773
757 758
774 757
757 775
758 759
758 775
759 760
759 775
759 776
760 761
760 776
760 777
761 777
761 778
761 795
762 778
762 779
763 779
763 780
763 797
764 799
764 800
764 801
765 782
765 783
765 819
766 767
766 804
766 827
766 828
767 786
767 828
767 848
768 769
768 787
769 770
769 787
769 788
769 806
769 807
770 771
770 789
770 807
771 772
771 789
771 790
772 773
772 790
772 791
773 791
773 792
774 775
774 793
775 776
775 793
776 777
776 793
776 794
777 794
777 795
778 779
778 795
778 796
778 816
779 796
779 797
780 797
780 798
780 817
780 837
781 782
781 801
781 839
782 818
782 819
782 839
783 819
783 820
783 841
784 802
784 820
784 821
784 867
785 803
785 823
785 824
786 787
786 788
786 805
786 848
787 788
788 805
788 806
788 849
789 790
789 807
789 808
789 809
790 791
790 809
790 810
791 792
791 810
791 811
792 811
793 794
793 813
794 795
794 813
794 814
794 815
795 815
795 816
796 797
796 816
796 836
796 856
797 836
797 837
798 799
798 817
798 838
799 800
799 838
799 859
800 801
800 859
800 860
800 861
801 839
801 861
802 821
802 822
802 823
803 804
803 824
803 825
803 826
804 826
804 827
805 848
805 849
805 872
805 873
806 807
806 849
806 850
806 874
807 808
807 850
808 809
808 829
808 850
809 810
809 829
809 830
810 811
810 830
810 831
812 813
832 812
812 833
813 814
813 833
814 815
814 833
814 834
815 816
815 834
815 835
816 835
816 856
817 837
817 838
817 858
817 882
818 819
818 839
818 840
818 862
818 863
819 840
819 841
820 841
820 866
820 867
821 822
821 842
821 843
821 867
822 823
822 843
822 844
823 824
823 844
824 825
824 844
825 826
825 844
825 845
825 889
826 827
826 845
826 846
827 828
827 846
827 847
828 847
828 848
828 871
829 830
829 850
829 851
829 852
829 875
830 831
830 852
831 852
832 833
833 834
833 853
834 835
834 853
834 854
835 854
835 855
835 856
836 837
836 856
836 857
836 881
837 857
837 858
838 859
838 882
838 883
839 861
839 862
840 841
840 863
840 864
840 865
841 865
841 866
842 843
842 867
842 868
842 887
842 888
843 844
843 868
843 869
844 869
844 889
845 846
845 870
845 889
845 911
846 847
846 870
846 890
847 871
847 890
848 871
848 872
849 873
849 874
849 894
850 874
850 875
851 852
851 875
851 876
851 896
851 897
852 876
853 854
853 877
853 878
854 855
854 878
854 879
855 856
855 879
855 880
855 881
856 881
857 858
857 881
857 902
857 903
858 882
858 903
858 904
859 860
859 883
859 927
860 861
860 884
860 885
860 927
861 862
861 885
862 863
862 885
862 907
863 864
863 907
863 929
864 865
864 929
864 951
864 969
865 866
865 886
865 951
866 867
866 886
866 887
867 887
868 869
868 888
868 908
868 909
869 889
869 909
869 910
870 890
870 911
870 933
870 956
871 872
871 890
871 891
872 873
872 891
872 892
873 892
873 893
873 894
874 875
874 894
874 895
875 895
875 896
876 897
877 878
898 877
878 879
878 898
878 899
879 880
879 899
879 900
880 881
880 900
880 901
880 902
881 902
882 883
882 904
882 905
883 905
883 906
883 927
884 885
884 927
884 946
884 947
884 948
885 907
885 948
886 887
886 930
886 951
886 952
887 888
887 930
888 908
888 930
888 954
889 910
889 911
890 891
890 933
890 934
891 892
891 912
891 934
892 893
892 912
892 913
893 894
893 913
893 915
894 895
894 915
894 916
895 896
895 916
895 917
896 897
896 917
896 918
897 918
898 899
919 898
899 900
899 919
899 920
899 939
900 901
900 920
901 902
901 920
901 921
901 922
901 923
902 903
902 923
902 924
903 904
903 924
904 905
904 924
904 925
904 926
905 906
905 926
905 945
906 927
906 945
906 946
906 967
907 928
907 929
907 948
908 909
908 931
908 954
908 971
909 910
909 931
909 955
910 911
910 932
910 955
911 932
911 956
912 913
912 934
912 935
912 958
913 914
913 915
913 935
914 915
914 935
914 959
914 960
915 916
915 936
915 960
916 917
916 936
916 937
917 918
917 937
917 938
918 938
939 919
920 921
920 939
920 940
921 922
921 940
921 941
921 963
922 923
922 941
922 942
923 924
923 942
923 943
924 925
924 943
925 926
925 943
925 944
926 944
926 945
926 966
927 946
928 929
928 948
928 949
928 950
928 968
929 950
929 969
930 952
930 953
930 954
930 970
931 955
931 971
931 990
931 991
932 955
932 956
932 972
932 973
933 934
933 956
933 957
933 974
934 957
934 958
935 958
935 959
935 976
936 937
936 960
936 961
937 938
937 961
937 962
938 962
940 939
963 940
941 942
941 963
941 964
941 979
942 943
942 964
942 965
943 944
943 965
944 965
944 966
944 982
945 966
945 967
945 983
946 947
946 967
946 985
947 948
947 968
947 985
947 986
948 968
949 950
949 968
949 1005
949 1006
949 1021
950 969
950 987
950 1006
951 952
951 969
951 988
951 989
952 970
952 989
953 954
953 970
953 1008
953 1009
954 971
954 1009
955 972
955 991
956 973
956 974
957 958
957 974
957 975
957 994
958 975
958 976
958 996
959 960
959 976
959 977
959 997
959 998
960 961
960 977
961 962
961 977
979 963
964 965
964 979
964 980
964 1000
965 980
965 982
966 982
966 983
966 1001
967 983
967 984
967 985
968 986
968 1005
969 987
969 988
970 989
970 1008
970 1024
971 990
971 1009
971 1027
972 973
972 991
972 992
972 1010
973 974
973 992
973 993
974 993
974 994
975 994
975 995
975 996
975 1013
976 996
976 997
977 978
977 998
977 999
978 999
980 981
980 982
980 1000
980 1039
981 982
981 1016
981 1039
981 1040
982 1001
982 1016
983 984
983 1001
983 1002
984 985
984 1002
984 1003
984 1018
985 986
985 1003
985 1004
986 1004
986 1005
987 988
987 1006
987 1007
987 1022
988 989
988 1022
988 1023
989 1023
989 1024
990 991
990 1027
990 1028
990 1029
991 1010
991 1029
992 993
992 1010
992 1011
992 1030
992 1031
993 994
993 1011
993 1012
994 995
994 1012
995 1012
995 1013
995 1033
995 1034
996 997
996 1013
996 1014
997 998
997 1014
997 1015
997 1037
998 999
998 1015
1039 1000
1001 1002
1001 1016
1001 1017
1002 1017
1002 1018
1003 1004
1003 1018
1003 1019
1003 1043
1004 1005
1004 1020
1004 1043
1005 1020
1005 1021
1005 1044
1006 1007
1006 1021
1006 1046
1007 1022
1007 1046
1007 1047
1007 1048
1008 1009
1008 1024
1008 1025
1008 1051
1008 1052
1009 1025
1009 1027
1010 1029
1010 1030
1011 1012
1011 1031
1011 1032
1012 1032
1012 1033
1013 1014
1013 1034
1013 1035
1014 1035
1014 1036
1014 1037
1015 1037
1015 1038
1016 1017
1016 1040
1016 1041
1017 1018
1017 1041
1017 1042
1018 1019
1018 1042
1018 1067
1019 1043
1019 1067
1019 1068
1020 1043
1020 1044
1020 1069
1020 1070
1021 1044
1021 1045
1021 1046
1022 1023
1022 1048
1022 1049
1023 1024
1023 1049
1023 1050
1024 1050
1024 1051
1025 1026
1025 1027
1025 1052
1025 1077
1026 1027
1026 1028
1026 1053
1026 1054
1026 1077
1027 1028
1028 1029
1028 1054
1028 1055
1029 1030
1029 1055
1029 1056
1030 1031
1030 1056
1030 1057
1031 1032
1031 1057
1031 1058
1032 1033
1032 1058
1032 1059
1033 1034
1033 1059
1033 1060
1034 1035
1034 1060
1034 1061
1034 1062
1035 1036
1035 1062
1036 1037
1036 1062
1036 1063
1036 1086
1037 1038
1037 1063
1038 1063
1040 1041
1040 1064
1041 1042
1041 1064
1041 1065
1041 1087
1042 1065
1042 1066
1042 1067
1043 1068
1043 1069
1044 1045
1044 1070
1045 1046
1045 1070
1045 1071
1045 1072
1045 1092
1046 1047
1046 1072
1047 1048
1047 1072
1047 1073
1047 1094
1048 1049
1048 1073
1048 1074
1049 1050
1049 1074
1049 1095
1050 1051
1050 1075
1050 1095
1051 1052
1051 1075
1051 1096
1052 1077
1052 1096
1053 1054
1053 1077
1053 1078
1053 1097
1054 1055
1054 1078
1054 1098
1054 1118
1055 1056
1055 1079
1055 1098
1056 1057
1056 1079
1056 1080
1057 1058
1057 1080
1057 1081
1058 1059
1058 1081
1058 1082
1059 1060
1059 1082
1059 1083
1060 1061
1060 1083
1060 1084
1061 1062
1061 1084
1061 1085
1061 1103
1062 1085
1062 1086
1063 1086
1087 1064
1065 1066
1065 1087
1065 1088
1066 1067
1066 1088
1066 1089
1066 1104
1066 1105
1067 1068
1067 1089
1068 1069
1068 1089
1068 1090
1069 1070
1069 1090
1069 1091
1070 1091
1070 1092
1071 1072
1071 1092
1071 1093
1071 1109
1072 1093
1072 1094
1073 1074
1073 1094
1073 1111
1073 1112
1074 1095
1074 1112
1074 1113
1075 1095
1075 1096
1075 1114
1075 1115
1076 1077
1076 1096
1076 1097
1076 1115
1076 1116
1076 1135
1077 1096
1077 1097
1078 1097
1078 1117
1078 1118
1078 1136
1079 1080
1079 1098
1079 1099
1079 1119
1080 1081
1080 1099
1080 1100
1081 1082
1081 1100
1081 1101
1082 1083
1082 1101
1082 1121
1083 1084
1083 1102
1083 1121
1083 1122
1084 1102
1084 1103
1086 1085
1085 1103
1088 1087
1104 1088
1089 1090
1089 1105
1089 1106
1090 1091
1090 1106
1090 1107
1091 1092
1091 1107
1091 1108
1091 1125
1092 1108
1092 1109
1093 1094
1093 1109
1093 1110
1093 1127
1094 1110
1094 1111
1095 1113
1095 1114
1096 1115
1097 1116
1097 1136
1098 1118
1098 1119
1099 1100
1099 1119
1099 1139
1099 1140
1100 1101
1100 1140
1100 1141
1101 1120
1101 1121
1101 1141
1101 1142
1103 1102
1102 1122
1104 1105
1123 1104
1105 1106
1105 1123
1106 1107
1106 1123
1106 1124
1107 1124
1107 1125
1108 1109
1108 1125
1108 1126
1109 1126
1109 1127
1109 1145
1110 1111
1110 1127
1110 1128
1110 1129
1111 1112
1111 1129
1111 1130
1111 1148
1112 1113
1112 1130
1112 1131
1113 1114
1113 1131
1113 1132
1114 1115
1114 1132
1114 1133
1115 1133
1115 1135
1116 1135
1116 1136
1116 1151
1116 1152
1116 1163
1117 1118
1117 1136
1117 1137
1117 1138
1117 1153
1118 1119
1118 1138
1119 1138
1119 1139
1119 1154
1120 1121
1120 1142
1121 1122
1124 1123
1125 1126
1125 1143
1126 1143
1126 1144
1126 1145
1127 1128
1127 1145
1128 1129
1128 1145
1128 1146
1128 1147
1129 1147
1129 1148
1129 1157
1130 1131
1130 1148
1130 1149
1130 1158
1131 1132
1131 1149
1131 1160
1132 1133
1132 1150
1132 1160
1133 1134
1133 1135
1133 1150
1134 1135
1134 1150
1134 1151
1134 1161
1134 1162
1135 1151
1136 1152
1136 1153
1137 1138
1137 1153
1137 1154
1137 1165
1137 1166
1137 1167
1138 1154
1139 1140
1139 1154
1139 1155
1139 1156
1140 1141
1140 1156
1141 1142
1144 1143
1145 1146
1147 1146
1157 1147
1148 1157
1148 1158
1148 1168
1149 1158
1149 1159
1149 1160
1150 1160
1150 1161
1150 1171
1151 1162
1151 1163
1152 1153
1152 1163
1152 1164
1152 1174
1153 1164
1153 1165
1154 1155
1154 1167
1156 1155
1155 1167
1168 1157
1158 1159
1158 1168
1158 1169
1159 1160
1159 1169
1159 1170
1159 1171
1160 1171
1161 1162
1161 1171
1161 1172
1161 1173
1162 1163
1162 1173
1163 1174
1165 1164
1164 1174
1166 1165
1167 1166
1169 1168
1170 1169
1170 1171
1173 1172