1476 1332 1333
1476 1477 1529
3214 3177 3175
3210 3213 3212
2476 2478 2480
11 3306 14
1427 1429 1425
499 38 39
312 313 364
813 814 874
1077 1141 1078
762 703 704
1083 1081 1085
1083 1082 1145
1590 1591 1588
1654 1591 1592
1478 1477 1592
1478 1475 1480
1271 1270 1331
1424 1333 1331
1150 1148 1271
1424 1269 1267
29 28 2377
1689 1688 1793
2340 2342 2344
2077 2078 2076
2445 2447 2449
2135 2072 2071
2135 2138 2134
2068 2071 2067
2642 2643 2702
2592 2593 2779
2592 2532 2533
3178 3174 3176
3216 3177 3176
3215 3179 3178
2821 2822 2863
21 3260 22
19 3214 21
19 3213 20
3211 3212 3258
3173 3175 3171
3172 3210 3173
1815 1810 1812
1807 1753 1754
2686 2687 2684
2685 2742 2686
2730 2603 2602
2730 2734 2732
2733 2732 2796
2733 2731 2794
3060 3061 3130
3355 16 17
2320 2316 2318
2320 2321 2374
1835 1834 1885
1888 1887 1885
3093 3092 3165
3305 3198 3199
12 11 3305
3202 3197 3199
3154 3197 3153
3149 3151 3153
1864 1865 1866
1802 1747 1748
1300 1243 1242
1186 1184 1242
1426 1427 1530
1530 1594 1532
1370 1332 1330
1370 1475 1371
1372 1479 1371
1372 1426 1369
1533 1429 1428
1375 1373 1428
1593 1594 1741
1742 1863 1741
1535 1533 1593
1535 1534 1663
1047 1109 1045
996 993 994
846 841 843
780 841 779
2456 2460 2459
2399 2396 2394
2399 2456 2400
2461 2401 2402
2535 2532 2531
2461 2460 2531
2405 2462 2406
2591 2593 2718
2721 2783 2718
2721 2786 2719
1276 1274 1334
1276 1275 1374
1431 1534 1432
1431 1375 1374
1151 1155 1152
1147 1085 1086
1147 1148 1152
1216 1161 1159
1216 1275 1217
1210 1330 1209
1210 1369 1211
1207 1270 1209
1154 1155 1207
1218 1274 1220
1218 1161 1160
1284 1377 1283
46 45 250
46 44 206
641 642 699
701 704 699
481 524 479
1056 1123 1054
1056 1188 1057
98 675 100
99 100 677
919 862 861
864 860 861
1007 957 955
921 920 955
921 919 953
953 952 1004
43 45 204
559 40 41
501 39 41
755 810 753
755 813 754
875 874 974
1075 1014 1015
1075 1078 1080
1079 1082 1080
1079 981 980
818 762 763
694 696 759
694 692 698
700 697 698
700 701 758
1584 1423 1422
871 870 963
871 872 965
807 809 806
803 749 750
807 870 808
803 805 808
873 810 811
869 809 811
869 872 928
929 970 928
929 875 873
1149 1145 1146
1329 1150 1149
1144 1141 1146
1144 1143 1266
1329 1267 1266
1031 1160 1030
2564 2495 2496
2436 2378 2379
2381 2377 2379
2345 2344 2512
2345 2346 2515
2518 2514 2512
2516 2584 2518
1531 1532 1739
1531 1479 1482
1738 1737 1855
1859 1865 1860
1859 1863 1858
1738 1739 1858
1856 1857 1974
1861 1855 1856
1687 1688 1736
1799 1857 1801
1659 1689 1657
1656 1654 1653
1657 1655 1653
1660 1796 1659
2450 2449 2505
2450 2390 2392
2582 2514 2513
2581 2648 2582
2347 2454 2348
2343 2346 2348
2239 2340 2238
2240 2343 2239
2146 2078 2079
2240 2081 2079
2197 2142 2139
2144 2138 2139
2144 2143 2145
2197 2337 2198
2196 2238 2198
2196 2146 2145
2074 2143 2075
2073 2077 2075
2074 2072 2070
2018 2017 2070
2231 2232 2279
1193 1191 1195
1190 1189 1244
1190 1188 1192
1250 1193 1192
1250 1310 1249
2058 2059 2126
2058 2060 2128
2191 2133 2132
2129 2126 2132
2129 2131 2190
2192 2233 2191
2192 2231 2190
2009 2059 2012
1963 1961 1966
1963 1964 2009
2007 2060 2008
2004 2006 2008
1962 1898 1899
1962 1964 2007
1840 1838 1842
2137 2134 2140
2065 2133 2063
2010 2012 2063
1900 1787 1788
2572 2502 2503
2448 2447 2506
2504 2500 2503
2504 2446 2448
2585 2584 2710
2650 2648 2710
2764 2651 2650
2765 2764 2823
2823 2822 2866
2871 2868 2866
3112 3171 3113
3112 3110 3108
2778 2771 2774
3262 78 77
3217 3215 3218
3217 3216 3259
3262 3308 3261
3259 3260 3261
3046 2934 2935
2978 2932 2935
2977 2880 2881
2780 2781 2827
3333 3314 3312
3219 3181 3183
3222 3182 3183
3051 3052 3122
3051 3046 3048
3209 3207 3206
3209 3211 3208
2968 3106 2969
2913 2856 2855
2815 23 25
2815 2814 2855
84 3027 83
2761 2651 2649
2762 2821 2761
2857 2854 2853
2859 2856 2853
81 83 2860
81 82 2859
2812 2814 2816
2817 2854 2816
1387 1386 1390
1387 1389 1392
1668 1810 1667
1666 1755 1668
1870 1868 2028
2085 1804 1805
2089 2030 2028
2089 2087 2085
1750 1747 1746
1751 1754 1749
1752 1805 1750
1752 1870 1751
2547 2731 2548
2477 2478 2545
2547 2602 2545
2416 2413 2414
2412 2411 2414
2371 2318 2317
2035 2036 2095
2252 2214 2212
2168 2167 2212
2744 2742 2745
2681 2685 2683
2210 2208 2211
2837 2835 2888
2843 2844 2898
2843 2797 2798
2842 2796 2798
2838 2794 2793
3340 3355 3339
3340 3341 3337
3132 3130 3188
2994 2989 2990
2986 2989 2985
2988 2993 2985
3288 3286 3291
3242 3322 3244
3242 3291 3240
2319 2321 2322
2268 65 64
2268 2319 2267
4 2376 6
4 2374 5
1833 1834 1881
1937 1935 1934
1836 1835 1832
1945 1887 1886
1883 1881 1886
2957 10 9
2956 2909 2910
3023 3025 3024
2956 2957 3023
3010 2903 2902
3307 12 13
3203 3200 3256
3307 3202 3203
3201 3200 3255
71 70 3255
71 72 3257
1867 1802 1803
2025 1804 1803
1867 1866 1912
1914 1910 1912
2025 2086 2026
1914 1916 2026
915 916 949
117 118 949
945 947 950
945 914 915
794 790 793
1171 1109 1111
58 1120 59
951 950 1000
951 117 119
1745 1864 1744
1740 1742 1744
1745 1748 1743
1694 1695 1743
1740 1663 1664
1694 1662 1664
1046 1047 1113
1112 1002 1001
1112 1115 1113
948 947 1001
1046 998 999
948 946 999
908 909 942
944 998 942
906 909 912
911 946 912
911 914 910
1122 1121 1176
60 58 1122
1237 1239 1240
1181 1179 1183
1237 1177 1178
1181 1176 1178
1238 1239 1291
1235 1236 1293
1238 1233 1235
1041 1040 1165
1168 1165 1167
938 937 995
1039 994 995
1039 1040 1107
905 993 904
848 844 845
902 937 904
902 846 845
558 55 56
783 844 782
778 780 782
730 729 778
783 784 781
2296 2401 2295
2294 2400 2296
2536 2535 2590
2595 2591 2590
2404 2406 2409
2410 2467 2409
2410 2412 2408
2407 2405 2463
2537 2465 2463
2537 2536 2534
2534 2402 2403
2300 2298 2403
2300 2299 2407
1430 1432 1485
1486 1662 1485
1486 1538 1484
1430 1334 1336
1434 1335 1336
1272 1425 1273
1208 1211 1272
1208 1154 1156
135 132 134
261 215 214
208 206 205
424 479 425
424 369 368
96 1245 95
94 1189 95
94 1123 93
35 1054 37
1006 1004 1005
1006 1007 1059
36 34 1005
36 35 1053
1248 1244 1246
1248 1249 1307
89 90 1837
804 805 926
625 562 560
625 99 97
560 40 42
748 749 746
678 677 743
918 920 922
918 864 865
139 176 140
459 499 458
628 746 629
628 678 627
627 562 561
564 559 561
1076 1077 1139
300 298 349
478 369 370
366 364 370
978 1015 977
695 696 976
978 980 976
821 818 819
1017 1081 1018
1017 981 979
760 759 979
760 758 819
638 692 639
578 579 639
1589 1590 1650
1587 1584 1589
1587 1586 1646
1652 1649 1646
1651 1655 1650
1652 1687 1651
1365 1363 1361
1261 1260 1324
1470 1471 1472
1473 1422 1420
1467 1471 1469
1467 1363 1362
1360 1362 1358
1360 1464 1359
1070 970 971
1527 1423 1421
1328 1327 1421
1527 1588 1528
1526 1529 1528
1526 1269 1268
1328 1265 1268
1068 1199 1067
112 111 235
200 198 235
1028 1031 1034
935 936 1032
935 934 1028
896 936 897
836 837 896
723 779 725
584 642 585
584 524 523
297 296 335
340 341 339
340 337 335
406 341 343
406 407 453
655 659 654
405 407 449
405 337 338
408 411 410
409 343 342
409 452 410
548 549 609
611 658 610
607 610 608
607 548 547
546 549 552
116 496 114
616 558 557
616 620 618
557 497 498
555 496 498
88 2495 87
86 2436 85
86 2438 87
2498 2496 2494
2569 2502 2501
2499 2497 2501
2499 2498 2566
2567 2564 2565
2383 2381 2380
1800 1796 1798
1909 2024 1908
1800 1801 1908
2242 2294 2243
2767 2824 2769
2763 2585 2586
2768 2870 2769
2768 2765 2763
2455 2395 2397
2455 2454 2519
1913 1910 1911
1913 1915 1977
1862 1860 1911
1973 1861 1862
1792 1902 1790
1735 1736 1789
1658 1660 1691
1690 1737 1692
1691 1799 1692
1690 1482 1481
1661 1480 1481
1658 1656 1661
2640 2642 2639
2510 2511 2639
2510 2505 2508
2509 2511 2578
2509 2392 2393
2289 2347 2290
2289 2081 2080
1971 2073 1972
1791 1789 1795
1971 2018 1970
1791 1792 1970
2281 2279 2330
1349 1348 1402
1406 1404 1402
1453 1404 1403
1251 1195 1194
1131 1129 1194
2130 2131 2227
2182 2183 2219
2221 2223 2219
2220 2269 2221
1853 1961 1854
1960 1899 1897
1960 2004 1959
2002 1998 1997
1955 1997 1954
1953 1951 1950
1953 1995 1954
91 90 1839
1889 1840 1839
1891 1893 1889
91 92 1890
1891 1950 1890
2194 2137 2136
2069 2068 2136
2064 2065 2193
2064 2062 2069
2336 2445 2335
2278 2233 2234
2195 2193 2234
2195 2194 2235
2283 2237 2235
1968 1900 1901
2015 2067 2016
2013 2017 2016
2013 1902 1901
2061 2010 2011
2011 1966 1967
1969 1965 1967
2061 2062 2066
2014 2015 2066
2014 1968 1969
1684 1730 1686
1683 1726 1682
1849 1897 1848
1844 1779 1780
1781 1778 1780
1631 1778 1630
1629 1631 1681
2635 2696 2634
2825 2824 2874
2825 2772 2773
3115 3174 3114
3111 3113 3114
2876 2778 2777
2878 2880 2875
2878 2932 2877
2876 2929 2877
2826 2827 2875
2826 2776 2777
3116 3120 3118
3119 3181 3118
3119 3179 3117
2931 2929 2933
3044 2934 2933
3045 3047 3044
3186 3128 3126
2882 2881 2879
2782 2779 2784
2782 2781 2879
2828 2783 2784
2883 2830 2828
2883 2980 2882
3050 2978 2979
2981 2977 2979
3050 3052 3054
3055 3126 3054
2529 2533 2527
2530 2780 2529
2458 2459 2527
3272 3312 3271
3263 3218 3220
3265 3219 3220
3263 77 79
79 80 3309
3123 3048 3049
3121 3120 3180
3121 3047 3049
3184 3182 3180
3226 3271 3228
3226 3224 3221
3185 3184 3221
3185 3123 3124
3107 3106 3109
3169 3208 3170
3168 3110 3109
3168 3172 3170
2865 2863 2867
2914 2916 2917
2914 2864 2865
3100 3099 3166
3031 3097 3029
3030 3099 3031
3029 3027 3026
3028 2963 2962
3028 3032 3030
3103 3107 3101
3103 3169 3105
3033 3034 3101
3033 3032 3098
3105 3206 3104
3102 3167 3104
3102 3100 3098
2751 2749 2811
2813 23 24
2751 2750 2813
2579 2578 2641
2579 2577 2580
2580 2581 2645
2647 2649 2645
2915 2916 2958
2960 3026 2959
2960 2962 2958
2858 2860 2959
2915 2861 2862
2858 2857 2862
2760 2762 2819
2820 2864 2819
2820 2861 2818
2754 2812 2753
2748 2697 2698
2748 2750 2753
2700 2696 2698
1871 1815 1814
1808 1806 1811
1918 1812 1811
1342 1296 1297
1342 1343 1394
1552 1500 1499
1393 1392 1499
1554 1553 1605
1554 1552 1603
1549 1601 1551
1549 1500 1498
124 122 1614
1612 1611 1614
2155 2087 2088
2088 2086 2151
2302 2153 2151
2302 2411 2303
2464 2462 2468
2471 2416 2418
2259 2260 2313
2315 2317 2312
2262 2263 2312
2262 2258 2259
2094 2093 2097
2096 2095 2160
2164 2162 2160
2099 2100 2163
2099 2094 2096
2163 2167 2165
2164 2208 2165
2253 2260 2257
2251 2252 2254
2253 2217 2216
2251 2215 2216
2257 2362 2256
2682 2683 2739
2617 2681 2618
2560 2558 2561
2617 2615 2613
2560 2559 2613
2555 2554 2552
2361 2360 2552
2479 2480 2550
2255 2256 2310
2255 2254 2308
2305 2308 2304
2305 2309 2306
2304 2214 2213
2248 2211 2213
2424 2476 2423
2034 2036 2091
2354 2413 2353
2301 2303 2353
2301 2155 2156
2803 2848 2805
2803 2738 2737
2847 2848 2904
2895 2842 2841
2840 2838 2841
3316 3337 3317
76 3348 74
3235 3132 3131
3187 3129 3131
3232 3234 3236
3187 3186 3232
3318 3282 3281
3320 3341 3318
3238 3239 3284
3283 3286 3284
3285 3287 3283
3285 3281 3280
3237 3236 3280
3237 3235 3238
2886 2994 2885
2831 2833 2885
2884 2725 2724
2831 2723 2724
2937 2984 2939
2829 2786 2787
2937 2830 2829
3137 3240 3138
3133 3139 3134
3136 3188 3134
3136 3239 3138
2266 2316 2265
2264 2267 2266
2261 2263 2265
2264 2180 2179
1878 1882 1880
1940 1943 1941
1879 1880 1940
1938 1937 1983
2043 2104 2044
1948 1945 1949
1948 1947 1990
1994 1992 1990
1884 1882 1944
1946 1883 1884
1944 1943 1984
1989 1986 1984
1946 1947 1988
1989 1991 1988
2047 1986 1987
2218 64 63
2218 2180 2178
2105 2107 2169
2170 2215 2169
2170 2168 2166
2101 2100 2166
3019 3024 3021
3022 3096 3021
3163 3093 3091
3162 3204 3163
3009 3081 3008
3007 3011 3009
3004 3006 3008
3302 3329 3303
3301 3306 3304
3303 3331 3304
2996 2990 2992
3152 3154 3156
3157 3201 3156
3152 3082 3083
3085 3081 3083
1448 1400 1401
1449 1398 1399
1346 1398 1344
1341 1343 1344
1303 1304 1345
1346 1400 1345
1302 1300 1303
1341 1301 1302
913 916 917
1175 1177 1172
1116 1117 1172
1175 1233 1174
1116 1115 1170
1173 1231 1174
1173 1171 1170
1232 1231 1234
1234 1236 1290
1289 1386 1290
1288 1287 1285
1288 1383 1289
1182 1184 1187
1180 1179 1182
1180 60 61
1049 1050 1118
1118 1121 1119
1114 1117 1119
1114 1002 1003
1049 1000 1003
1048 119 120
1051 1120 1052
1048 1050 1051
1693 1695 1696
1693 1538 1539
1697 1746 1696
1697 1749 1698
787 789 850
847 784 785
739 790 738
737 786 738
856 910 857
858 913 857
858 859 855
855 793 792
788 789 853
854 906 853
788 786 791
852 792 791
852 856 854
1241 1240 1294
1241 1183 1185
1299 1296 1294
1298 1186 1185
1299 1301 1298
1169 1108 1110
1228 1111 1110
1225 1226 1229
1225 1168 1169
1230 1285 1229
1230 1232 1228
1038 996 997
1044 1041 1038
1044 1108 1043
1042 1045 1043
943 941 997
943 944 1042
1227 1226 1286
1380 1384 1382
1380 1287 1286
1221 1167 1166
1222 1283 1223
1224 1376 1223
1224 1227 1221
1106 1107 1162
1163 1166 1162
1163 1222 1164
661 663 660
617 618 660
617 555 556
553 551 556
661 615 613
553 552 613
728 663 664
731 730 728
731 781 732
2202 2295 2204
2203 2298 2204
2203 2083 2082
1978 1977 2082
1978 1973 1976
2351 2153 2152
2350 2408 2351
1917 1916 2152
1917 1915 2084
2350 2404 2349
2297 2083 2084
2297 2299 2349
1483 1484 1487
1483 1434 1435
1435 1433 1436
167 134 133
131 129 133
220 263 219
177 176 178
220 180 178
314 313 367
371 368 367
262 261 315
371 318 315
267 263 265
376 264 265
376 377 378
171 172 216
218 264 216
169 168 213
169 167 171
217 215 213
218 317 217
209 208 254
254 250 251
161 205 160
161 207 162
126 128 162
127 128 164
166 214 165
166 212 164
127 125 130
163 168 165
163 131 130
375 428 374
373 425 375
373 318 316
372 377 374
372 317 316
1058 1059 1124
1125 1129 1127
1125 1128 1124
1058 1053 1055
1126 1191 1127
1055 1057 1126
867 925 868
866 924 868
866 865 863
1061 957 956
1062 1128 1061
796 860 795
740 742 796
137 48 47
137 139 138
106 108 138
681 806 682
681 750 679
1140 1139 1142
1142 1143 1262
1264 1265 1262
1264 1323 1263
1071 1014 1013
1074 1076 1071
1013 973 975
1069 974 975
1072 1070 1069
351 416 352
245 244 302
351 300 299
245 243 299
480 481 580
522 478 480
582 641 580
522 521 577
582 697 581
577 579 581
757 695 693
640 638 693
816 977 817
812 814 815
817 973 815
691 690 812
756 689 691
756 757 816
1016 1018 1019
1016 821 822
518 689 517
518 640 516
1364 1324 1325
1364 1365 1367
1326 1327 1366
1326 1323 1325
1368 1420 1366
1368 1470 1367
1474 1472 1583
1645 1647 1644
1585 1586 1644
1474 1473 1585
967 965 969
1010 968 967
1010 1068 1011
1257 1358 1258
1259 1361 1258
1259 1261 1255
1132 1134 1136
1136 1260 1138
1073 1074 1135
1073 1072 1132
1137 1263 1138
1137 1140 1135
1009 968 966
966 963 964
927 926 964
927 925 962
240 54 53
291 285 286
236 200 199
238 285 237
199 51 52
238 54 52
1035 1034 1219
1219 1220 1278
1279 1335 1278
901 938 899
899 843 842
835 837 894
777 776 835
724 725 838
839 836 834
840 842 838
840 895 839
1027 1159 1026
986 985 990
1029 1030 1098
1025 1026 1098
1025 990 991
764 763 761
886 985 887
877 822 820
765 764 820
1024 1027 1097
1024 986 988
110 109 197
233 112 110
234 283 233
331 283 284
239 237 287
239 236 284
722 723 727
612 611 722
612 609 614
726 615 614
726 729 727
451 449 491
451 450 540
543 492 491
545 547 543
550 551 554
412 411 456
115 113 412
115 116 554
494 546 493
493 492 490
495 456 455
495 550 494
454 453 490
454 452 455
2444 2500 2443
2442 2497 2443
2388 2389 2444
2441 2494 2440
2437 2438 2440
2384 2383 2437
2439 2442 2441
2524 2458 2457
2457 2396 2398
2521 2397 2398
2525 2521 2523
2631 2574 2575
2631 2635 2637
2636 2508 2507
2637 2699 2638
2636 2640 2638
2576 2506 2507
2576 2572 2575
2452 2393 2391
2339 2338 2391
2339 2337 2341
2341 2342 2451
2453 2513 2451
2452 2577 2453
2288 2290 2293
2293 2395 2291
2241 2199 2201
2288 2200 2201
2292 2394 2291
2241 2243 2292
2019 2076 2020
2022 2080 2020
1907 1909 2021
2022 2200 2021
1520 1576 1521
1350 1349 1347
1347 1305 1306
1306 1245 1247
1308 1246 1247
1309 1307 1312
1408 1313 1312
1351 1308 1309
1351 1350 1405
1676 1678 1675
1455 1453 1458
1777 1841 1776
1720 1721 1776
1777 1779 1775
1720 1678 1679
2230 2232 2277
2229 2227 2230
1784 1728 1727
1786 1788 1783
1786 1965 1785
1784 1854 1785
1729 1730 1783
1729 1726 1727
1725 1728 1722
1680 1681 1723
1852 1898 1851
1850 1853 1852
1846 1848 1851
1846 1781 1782
1724 1723 1782
1724 1725 1850
2123 2183 2125
2053 1998 2000
2124 2125 2185
2124 2053 2054
2005 2006 2057
2055 2054 2052
2003 2001 2005
2003 2002 2052
1845 1841 1843
1892 1842 1843
1847 1844 1845
1847 1849 1896
2284 2336 2287
2287 2390 2286
2236 2140 2141
2284 2237 2236
2285 2142 2141
2285 2338 2286
2332 2281 2280
2282 2278 2280
2282 2283 2331
2332 2389 2334
2334 2446 2333
2331 2335 2333
1733 1790 1734
1734 1787 1732
1685 1686 1732
1733 1735 1731
1731 1649 1648
1685 1647 1648
1575 1576 1577
1642 1684 1643
1641 1683 1643
1640 1645 1642
1640 1583 1582
2689 2691 2693
2693 2747 2695
2633 2634 2692
2633 2632 2689
2694 2697 2692
2694 2749 2695
2570 2566 2568
2623 2624 2626
2623 2567 2568
2690 2691 2746
2628 2626 2688
2628 2627 2690
2629 2574 2573
2629 2632 2630
2625 2627 2630
2571 2569 2573
2625 2570 2571
2926 2928 2971
2973 3038 2971
2973 3111 2972
2976 2931 2930
2930 2774 2775
2927 2773 2775
2927 2928 2974
3041 3117 3043
2975 2974 3037
2975 2976 3039
3041 3116 3042
3039 3045 3042
3040 3115 3043
3040 3038 3037
2983 2980 2982
3053 2981 2982
3053 3055 3058
2983 2984 3056
3057 3060 3056
3058 3129 3057
3270 3272 3311
3233 3234 3277
3279 3282 3277
3278 3317 3279
2918 2867 2869
2964 2968 2966
2965 3034 2966
2918 2917 2961
2965 2963 2961
2920 2868 2869
2964 2921 2920
2709 2760 2708
2646 2647 2708
2644 2643 2704
2646 2641 2644
2757 2817 2759
2758 2818 2759
2707 2704 2706
2707 2709 2758
2752 2700 2701
2703 2702 2705
2701 2699 2703
2755 2706 2705
2752 2754 2756
2755 2757 2756
1872 1871 1922
1924 1931 1927
1817 1814 1813
1756 1755 1813
1933 1935 1932
1928 1929 1933
1925 1924 1928
1925 1872 1873
1869 1807 1809
1920 1808 1809
1920 1921 2032
1869 1868 2027
2033 2029 2027
2033 2034 2032
1385 1383 1388
1497 1546 1496
1496 1494 1492
1385 1384 1492
1388 1389 1495
1497 1498 1495
1292 1291 1295
1339 1297 1295
1338 1390 1337
1292 1293 1337
1443 1393 1391
1340 1338 1391
1340 1339 1395
1443 1553 1444
1607 1710 1609
1607 1605 1604
1602 1601 1702
1706 1603 1602
1706 1710 1707
1709 1758 1707
1600 1599 1665
1665 1667 1701
1700 1806 1701
1700 1753 1699
1544 1666 1545
1543 1599 1544
1542 1548 1545
1542 1494 1493
1615 124 123
2720 2719 2785
2473 2477 2472
2474 2418 2417
2470 2467 2469
2542 2471 2470
2544 2599 2542
2538 2468 2469
2106 2104 2109
2106 2107 2172
2173 2217 2172
2174 2258 2173
2804 2802 2808
2434 2435 2433
2428 2431 2434
2428 2372 2373
2375 2376 2433
2373 2371 2375
2369 2372 2368
2314 2313 2366
2314 2315 2368
2620 2684 2621
2619 2622 2621
2616 2618 2620
2616 2561 2562
2741 2740 2807
2810 2808 2807
2810 68 66
2741 2739 2743
2809 2744 2743
66 67 2809
2678 2615 2614
2679 2682 2678
2679 2740 2680
2605 2608 2604
2604 2554 2553
2551 2549 2553
2605 2668 2606
2606 2603 2601
2551 2550 2601
2481 2549 2482
2307 2248 2250
2358 2360 2482
2307 2306 2358
2484 2559 2485
2483 2557 2485
2484 2365 2363
2311 2310 2363
2483 2361 2359
2311 2309 2359
2205 2162 2161
2092 2091 2161
2158 2156 2154
2158 2352 2159
2157 2207 2159
2157 2092 2090
2154 2030 2031
2090 2029 2031
2912 2909 2907
2806 2805 2907
2850 2804 2806
2850 2851 2911
2911 8 7
2912 9 7
2676 2737 2675
2676 2802 2677
2674 2680 2677
2846 2844 2901
2905 2845 2846
2951 2903 2901
2951 3013 2952
2801 2847 2800
2800 2738 2736
2670 2669 2736
2801 2845 2799
2799 2797 2795
2735 2734 2795
2670 2668 2735
2954 3017 2953
2954 3019 2955
2950 2952 2953
2950 2905 2906
2955 2910 2908
2906 2904 2908
2839 2834 2836
2891 2837 2836
2890 2840 2839
2893 2944 2891
2893 3001 2894
2897 2895 2899
2899 2898 2900
2949 2902 2900
2948 3007 2949
3315 3316 3334
3335 3314 3313
3227 3228 3274
3276 3313 3274
3276 3315 3275
3273 3278 3275
3343 17 15
3319 3320 3343
3319 3287 3289
2887 2886 2995
2998 3002 3000
2998 2944 2943
2943 2888 2889
2887 2884 2889
2940 2939 3059
2940 2938 2987
3059 3061 3063
3062 3139 3063
2987 2988 3062
2936 2787 2788
2936 2938 2941
2790 2785 2788
2790 2789 2832
2832 2833 2942
2941 2986 2942
1824 1758 1759
1831 1833 1829
1830 1878 1831
1877 1879 1874
1827 1828 1874
1876 1934 1875
1877 1936 1876
1825 1826 1875
1827 1824 1825
2041 1938 1939
1942 1941 1985
1942 1936 1939
2041 2044 2045
2046 1987 1985
2046 2108 2045
2112 2113 2175
2112 2108 2110
2171 2109 2110
2171 2174 2176
2177 2179 2175
2177 2261 2176
2116 2178 2115
2111 2113 2115
2111 2047 2048
2042 2043 2102
2103 2105 2102
2103 2101 2098
3020 3017 3018
3016 3015 3090
3016 3013 3018
3090 3092 3094
3095 3164 3094
3020 3022 3095
3089 3091 3087
3014 3015 3087
3012 3010 3014
3012 3011 3084
3155 3085 3086
3155 3157 3160
3088 3084 3086
3088 3089 3158
3160 3257 3161
3159 3205 3161
3158 3162 3159
3330 3329 3332
3296 3300 3294
3299 3352 3298
3299 3330 3296
3065 2993 2991
3064 2992 2991
3068 2996 2997
2999 3000 3072
2999 2995 2997
3328 3327 3349
3297 3298 3351
3297 3295 3328
3243 3244 3324
3323 3327 3325
3326 3348 3324
3325 3350 3326
1557 1604 1556
1557 1606 1558
121 122 1561
1451 1448 1450
1501 1449 1450
1505 1452 1451
1505 1561 1506
939 908 907
851 850 907
939 941 940
903 905 940
903 848 849
851 847 849
672 739 673
733 737 735
736 785 734
736 787 735
1105 1106 1104
900 901 1104
898 897 1037
900 895 898
2149 2242 2150
2148 2202 2150
2148 1976 1975
1975 1974 2023
2147 2024 2023
2149 2199 2147
1488 1487 1536
1488 1436 1438
170 135 136
107 105 136
170 172 175
174 219 175
107 108 173
174 177 173
485 583 484
482 428 427
484 523 482
255 257 259
255 209 210
260 314 259
260 262 258
258 212 211
210 207 211
801 867 802
747 743 745
802 804 800
747 748 800
741 742 798
799 863 798
797 801 799
797 745 744
676 675 744
741 674 676
417 416 419
464 466 504
460 459 500
460 457 462
464 461 462
563 501 502
503 500 502
503 504 566
102 244 104
249 253 246
203 204 246
203 201 202
103 101 202
103 104 247
256 251 252
309 253 252
311 312 308
256 257 308
1133 971 972
1012 969 972
1133 1134 1206
1205 1255 1206
1012 1011 1202
1205 1203 1202
1256 1257 1322
1256 1203 1204
1204 1199 1201
1318 1200 1201
1008 1009 1064
1064 1067 1066
332 286 288
293 291 290
241 240 290
292 296 294
241 242 292
403 450 404
403 338 336
295 294 336
295 293 333
1277 1279 1281
1280 1284 1282
1281 1433 1282
721 724 718
719 659 657
718 658 657
719 776 720
721 834 720
992 991 989
707 761 706
588 583 586
706 703 702
586 585 702
879 877 1020
1088 1086 1084
1020 1019 1084
1021 878 879
885 886 982
1213 1273 1215
1214 1373 1215
1212 1217 1214
1096 1097 1212
984 983 1023
1093 988 987
984 982 987
601 603 605
605 654 606
604 608 606
601 541 542
544 540 542
544 545 604
2385 2330 2329
2387 2388 2385
2386 2384 2382
2386 2439 2387
2528 2530 2717
2526 2524 2528
2717 2776 2716
2653 2525 2526
2588 2523 2522
2522 2519 2520
2517 2515 2520
2517 2516 2583
2714 2771 2713
2715 2772 2713
2711 2716 2714
2711 2653 2652
1905 2019 1906
1797 1793 1794
1903 1798 1797
1905 1907 1903
1904 1795 1794
1904 1972 1906
1419 1466 1417
1418 1520 1419
1677 1676 1719
1717 32 33
1677 31 33
1772 1718 1717
1772 1837 1773
1773 1838 1774
1719 1721 1774
1622 1675 1623
1197 1131 1130
1198 1253 1197
1198 1200 1196
1063 1062 1130
1065 1066 1196
1065 1060 1063
1627 1679 1626
1625 1630 1628
1627 1775 1628
2324 29 27
2270 26 27
2270 2269 2272
2225 2223 2222
2186 2185 2222
1636 1680 1634
1578 1580 1635
1635 1682 1637
1636 1722 1637
1634 1633 1632
1578 1577 1632
1996 1995 1999
2121 2000 1999
2121 2123 2122
2056 2057 2187
2127 2128 2187
2189 2130 2127
2056 2055 2184
2188 2224 2189
2188 2186 2184
1895 1892 1894
1952 1893 1894
1952 1955 1957
1957 2001 1958
1956 1959 1958
1895 1896 1956
1638 1582 1581
1579 1580 1639
1638 1641 1639
2923 2874 2873
2924 2926 2923
2872 2870 2873
2872 2871 2919
3036 3108 3035
2970 2972 3036
2925 2924 2970
2967 2969 3035
2967 2921 2922
2925 2919 2922
3269 3270 3266
3264 3222 3223
3266 3224 3223
3269 3310 3268
3267 3309 3268
3267 3265 3264
1919 1918 1923
1926 1922 1923
1919 1921 1979
1926 1927 1981
1980 2093 1981
1980 2035 1979
1816 1703 1704
1816 1817 1819
1820 1873 1819
1550 1546 1547
1547 1548 1670
1671 1756 1670
1550 1551 1669
1671 1703 1669
1445 1399 1397
1396 1394 1397
1442 1395 1396
1446 1502 1445
1442 1444 1447
1446 1556 1447
1441 1493 1440
1381 1376 1378
1381 1382 1440
2658 2723 2656
2657 2789 2658
2594 2595 2597
2598 2720 2597
2594 2465 2466
2539 2464 2466
2596 2540 2539
2596 2657 2598
2420 2417 2415
2419 2357 2356
2419 2423 2421
2420 2472 2421
2355 2354 2415
2355 2352 2356
2729 2793 2727
2729 2834 2728
2792 2725 2722
2791 2835 2792
2726 2728 2791
2726 2663 2664
2849 2851 2852
2849 68 69
2429 2432 2487
2370 2369 2429
2486 2365 2364
2486 2558 2487
2367 2362 2364
2370 2366 2367
2490 2563 2492
2491 2619 2492
2491 2562 2489
2430 2432 2489
2430 2431 2488
2490 2493 2488
2426 2250 2249
2422 2424 2425
2427 2479 2425
2426 2481 2427
2671 2674 2672
2671 2675 2673
2667 2669 2673
2667 2608 2609
3003 3001 3005
3005 3006 3078
3079 3077 3075
3003 3002 3075
3080 3082 3078
3080 3149 3079
2892 2894 2946
2892 2890 2896
2947 3004 2946
2945 2897 2896
2945 2948 2947
3336 3335 3353
3336 3334 3338
3338 3339 3354
3230 3273 3231
3125 3122 3127
3225 3124 3125
3230 3227 3225
3229 3128 3127
3231 3233 3229
3344 15 18
3344 3345 3356
3342 3345 3347
3342 3289 3290
3321 3288 3290
73 75 3347
3321 3322 3346
73 74 3346
1764 1828 1766
1765 1830 1766
1763 1768 1765
2181 63 62
2119 2120 2181
2050 1992 1993
2117 2051 2050
2049 1991 1993
2114 2048 2049
2117 2120 2118
2114 2116 2118
2039 2097 2038
2040 2098 2039
1930 1931 2038
1930 1929 1982
2037 1983 1982
2040 2042 2037
3247 3294 3248
3247 3295 3249
3254 3300 3252
3253 3302 3254
1504 1506 1560
1504 1501 1503
1555 1502 1503
1559 1611 1560
1555 1558 1559
667 734 668
666 732 668
621 620 662
666 664 662
669 672 671
670 733 671
665 667 670
665 621 622
1540 1536 1537
1596 1539 1537
1597 1600 1595
1540 1541 1595
1596 1698 1598
1597 1699 1598
266 180 181
705 588 589
705 707 708
572 573 636
571 573 574
571 512 513
515 511 513
515 517 576
413 349 348
415 417 413
415 463 414
468 419 420
510 512 509
508 570 506
508 572 507
465 466 506
467 463 465
505 510 507
505 468 467
567 563 565
626 564 565
626 629 632
631 679 632
476 366 365
476 521 477
310 311 361
310 309 360
363 365 361
363 473 362
514 516 520
520 578 519
475 477 519
475 473 474
472 474 469
471 511 470
472 514 471
959 962 958
961 1008 959
961 1060 960
960 956 954
923 922 954
923 924 958
399 332 334
402 404 447
402 333 334
448 541 447
448 537 446
399 401 446
1100 1164 1103
1102 1280 1103
1099 1037 1036
1099 1105 1100
1102 1277 1101
1033 1032 1036
1101 1035 1033
656 655 775
833 777 775
930 934 932
893 894 930
933 1029 932
931 992 933
892 889 888
832 833 890
891 893 890
891 931 892
831 889 829
831 989 830
828 827 825
828 887 830
884 885 883
883 827 826
769 768 826
1158 1156 1153
1157 1213 1158
1157 1096 1095
1094 1093 1095
1087 1021 1022
1089 1023 1022
1092 1094 1089
1092 1153 1091
1090 1151 1091
1087 1088 1090
2328 2382 2327
2276 2277 2325
2328 2329 2325
2327 2380 2326
2323 2324 2326
2589 2588 2654
2712 2715 2770
2712 2652 2654
2766 2767 2770
2766 2586 2587
2589 2583 2587
1356 1417 1357
1355 1359 1357
1321 1322 1355
1321 1318 1320
1414 1418 1416
1410 1408 1412
1519 1521 1573
1574 1633 1573
1574 1629 1572
1620 1623 1624
1620 1563 1564
1618 1563 1562
2275 2276 2273
2275 2323 2274
2273 2229 2228
2226 2224 2228
2274 2272 2271
2226 2225 2271
1468 1469 1524
1525 1581 1524
1468 1464 1465
1522 1466 1465
1523 1575 1522
1525 1579 1523
1822 1932 1823
1818 1820 1822
1821 1826 1823
1708 1709 1821
1708 1702 1705
1818 1704 1705
1490 1543 1491
1439 1441 1490
1489 1541 1491
1489 1438 1437
1437 1377 1379
1439 1378 1379
2665 2727 2666
2546 2548 2666
2475 2473 2546
2665 2663 2662
2475 2474 2600
2662 2599 2600
2655 2656 2660
2661 2722 2660
2543 2538 2541
2655 2540 2541
2543 2544 2659
2661 2664 2659
2247 2249 2244
2244 2210 2209
2206 2205 2209
2247 2422 2246
2246 2357 2245
2206 2207 2245
2611 2672 2612
2556 2557 2610
2612 2614 2610
2556 2555 2607
2611 2609 2607
1608 1606 1613
1672 1612 1613
1771 3 2
1771 1832 1770
1769 1829 1770
1767 1768 1769
1616 1615 1673
1714 1617 1616
1711 1672 1673
1711 1713 1715
1716 1767 1715
1714 1 0
1716 2 0
3066 3064 3069
3150 3151 3193
3196 3198 3193
3195 3301 3196
3194 3253 3195
3074 3068 3070
623 669 624
619 56 57
623 622 619
142 140 179
222 181 179
271 270 320
433 321 320
271 266 268
380 267 268
429 433 430
431 427 426
379 378 426
429 380 379
279 280 386
387 383 381
387 389 386
156 154 157
397 287 289
398 288 289
396 441 395
394 331 330
396 397 394
392 442 393
391 440 393
391 389 388
390 395 392
439 440 528
530 532 528
439 383 385
575 574 683
687 754 688
683 685 687
686 690 688
575 576 686
347 461 346
345 414 347
345 348 344
630 567 568
568 566 569
633 570 569
630 631 634
356 362 359
358 469 359
772 825 771
772 829 773
444 442 533
595 532 533
824 769 767
1252 1251 1314
1314 1310 1311
1316 1313 1311
1317 1411 1316
1510 1458 1457
1512 1564 1510
1409 1405 1407
1459 1410 1409
1407 1406 1456
1460 1457 1456
1459 1462 1461
1460 1509 1461
1569 1572 1571
1569 1516 1515
1570 1625 1571
1463 1462 1513
1518 1516 1513
1518 1519 1517
1463 1412 1413
1415 1411 1413
1415 1416 1517
1507 1455 1454
1508 1562 1507
1619 1618 1621
1674 31 30
1621 1622 1674
1610 1609 1757
1712 1608 1610
1762 1759 1757
1760 1764 1762
1760 1763 1761
1712 1713 1761
3144 3142 3246
3292 3243 3241
3292 3323 3293
3246 3249 3293
3143 3069 3071
3191 3070 3071
3245 3248 3251
3143 3142 3245
3250 3252 3251
3191 3192 3250
3073 3072 3076
3146 3074 3073
3145 3077 3076
3147 3150 3145
3147 3194 3148
3146 3192 3148
183 142 141
141 48 50
144 49 50
324 381 323
155 151 153
191 156 155
278 280 282
193 192 278
193 191 195
592 594 646
647 767 646
526 436 435
432 430 435
483 485 525
432 431 483
486 385 384
486 529 488
489 592 488
489 591 487
445 441 443
535 444 443
400 401 534
445 398 400
637 636 684
635 633 637
684 685 751
635 634 680
751 753 752
680 682 752
350 302 303
350 352 354
307 360 306
305 356 307
304 353 305
304 303 301
248 247 301
248 249 306
357 358 421
421 470 423
355 354 418
355 353 357
422 509 423
422 420 418
712 597 596
531 529 593
531 530 596
712 771 713
711 768 713
593 594 711
717 888 716
717 832 715
770 597 598
600 595 598
770 773 774
714 716 774
710 708 766
823 709 710
881 983 882
880 884 881
823 824 880
876 765 766
882 878 876
1315 1252 1254
1319 1253 1254
1352 1320 1319
1352 1356 1354
1353 1414 1354
1315 1317 1353
1511 1512 1566
1565 1570 1567
1511 1509 1514
1565 1515 1514
1567 1626 1568
1566 1624 1568
3190 3144 3141
3141 3066 3067
3135 3137 3189
3190 3241 3189
3135 3133 3140
3067 3065 3140
145 143 147
182 144 145
149 146 147
230 195 194
229 234 232
229 197 196
196 158 159
194 157 159
645 709 644
643 647 645
643 591 590
644 589 587
527 525 587
527 526 590
325 323 382
437 384 382
437 487 438
325 319 322
434 321 322
438 436 434
653 656 651
652 715 653
602 603 651
602 537 539
536 535 599
650 600 599
650 714 649
648 652 649
536 534 538
648 539 538
188 192 190
185 149 150
150 148 152
188 153 152
184 183 221
186 182 184
231 232 326
231 230 281
329 330 326
328 390 329
328 388 327
281 282 327
225 221 223
269 270 273
223 222 269
274 319 273
276 324 277
277 279 275
272 274 276
272 225 226
224 186 187
227 226 224
189 185 187
189 190 228
227 275 228