517 500 450
517 500 538
1107 1125 1091
1106 1107 1124
847 846 890
3 1140 1156
482 539 483
162 161 10
114 97 115
291 270 325
360 385 386
272 252 232
387 362 363
387 362 386
537 560 538
562 560 538
562 500 538
562 500 501
481 427 450
481 517 450
481 387 427
481 517 426
813 7 812
611 573 610
800 799 859
707 730 708
837 836 857
727 729 705
727 729 728
704 727 705
924 904 925
951 886 952
951 886 865
1108 1092 1091
1108 1125 1091
1108 1109 1092
983 967 984
5 1125 1143
5 1107 1125
5 1107 1124
1123 1106 1124
1090 1107 1091
1090 1106 1107
654 616 615
637 614 596
917 938 918
917 937 938
933 934 890
933 934 957
974 933 957
974 933 956
1075 1051 1096
1171 1170 4
810 791 790
810 791 811
643 623 642
643 663 642
1103 1061 1085
1141 1140 1100
1141 3 1140
1141 1101 1100
1081 1101 1100
1081 1080 1100
636 635 651
636 613 594
438 439 419
438 399 419
518 482 539
518 539 634
463 500 450
463 500 501
463 518 501
463 518 482
519 539 483
519 464 483
592 539 634
592 635 634
592 519 539
592 519 563
350 395 372
348 333 332
312 281 280
258 281 280
840 841 865
819 840 818
819 840 841
866 841 820
866 886 865
866 841 865
821 842 843
930 886 952
930 970 952
930 970 953
484 429 451
484 429 464
484 519 563
484 519 464
388 389 427
388 387 363
388 387 427
410 429 391
410 429 464
408 463 450
408 463 482
408 427 450
408 389 427
411 429 451
411 429 391
432 486 465
77 11 76
77 11 60
231 211 232
231 272 232
155 211 170
353 401 378
353 401 402
25 223 245
224 25 245
306 318 287
306 288 287
337 380 319
337 306 319
337 306 318
337 318 336
59 11 76
184 183 10
184 162 10
249 291 269
249 291 270
358 291 325
361 360 340
361 360 386
361 362 386
361 362 327
273 272 252
251 229 327
251 229 230
251 231 230
251 231 272
536 537 480
323 290 322
323 290 324
268 290 269
268 267 247
268 290 322
268 267 322
309 291 269
309 290 269
309 290 324
309 358 324
309 358 291
449 387 386
449 481 387
449 385 386
449 385 426
449 481 426
345 411 391
878 877 853
833 832 812
833 813 812
860 800 859
860 800 861
860 927 859
860 884 927
591 518 634
591 518 501
633 591 632
633 635 651
633 635 634
633 591 634
672 632 689
672 633 632
590 573 610
612 632 689
561 611 573
561 562 560
561 573 560
561 612 611
858 837 857
858 837 817
883 927 859
883 906 927
801 839 861
801 800 861
764 800 799
764 801 800
764 730 708
764 801 708
749 798 728
749 729 728
749 729 730
749 798 799
749 764 799
749 764 730
706 729 730
706 707 730
706 729 705
706 687 705
778 761 795
443 402 403
421 401 420
421 401 402
421 443 402
421 443 442
725 701 726
725 701 746
747 762 726
747 725 726
747 725 761
747 778 762
747 778 761
685 701 726
685 668 669
685 668 701
684 701 746
684 683 746
684 668 647
684 668 701
645 626 627
763 727 728
702 762 726
702 685 726
670 648 608
881 880 855
881 836 857
881 856 855
881 856 836
946 884 927
946 906 927
946 967 906
985 946 967
985 967 984
985 1003 984
1069 1090 1091
1069 1090 1068
1006 950 949
1126 1144 20
1126 1108 1109
1126 1108 1125
1126 1144 1143
1126 1125 1143
1048 1047 1007
1048 1022 1007
1023 1022 988
969 951 988
1157 1168 1148
1127 1109 1093
1127 1110 1093
1073 1048 1074
1073 1048 1047
1105 1123 1104
1105 1123 1106
1019 1067 1068
1000 1039 980
1000 964 6
1000 964 980
21 1064 1040
945 967 906
945 983 967
981 982 980
981 1039 980
981 21 1040
981 21 1039
965 964 980
965 982 980
470 468 469
470 468 507
564 616 615
564 597 616
711 637 691
711 710 613
711 733 691
711 733 710
595 613 594
595 637 596
595 711 613
595 711 637
870 933 956
870 846 890
870 933 890
844 825 824
844 823 824
809 810 790
713 693 735
768 787 754
768 737 754
962 937 938
916 917 937
767 753 754
1010 972 991
994 975 995
994 975 957
994 974 957
973 974 956
1159 1171 1170
1159 1171 1160
1115 1075 1096
1028 1027 1026
1025 1027 1026
1025 1077 1026
1151 1134 1135
1116 1151 1163
1116 1151 1135
792 791 811
773 792 16
773 792 791
1 810 831
1 810 811
641 623 642
659 675 658
624 643 623
662 663 642
662 641 642
1015 1038 2
1037 1015 997
1037 1038 1063
1037 1015 1038
1033 1034 995
1142 1141 3
1142 1101 1120
1142 1141 1101
1121 1101 1120
1121 18 1120
1121 18 1122
690 636 613
690 710 613
690 636 651
690 652 651
690 710 732
690 652 732
316 304 317
316 30 317
316 315 335
316 315 304
286 263 262
415 395 372
15 376 377
351 316 335
351 316 30
593 636 635
593 592 635
593 636 594
593 575 594
593 592 563
593 575 563
373 350 395
373 374 335
373 374 395
373 315 335
373 350 334
373 315 334
314 302 334
314 350 334
303 302 334
303 315 334
303 315 304
398 376 397
398 15 376
418 417 436
418 398 399
418 417 397
418 398 397
435 417 436
435 416 469
435 417 416
394 348 393
413 394 393
371 312 332
371 348 332
371 348 393
301 333 332
301 282 281
301 312 332
301 312 281
203 182 14
259 282 281
259 258 281
259 240 258
259 282 260
783 841 820
783 819 841
887 866 886
887 930 886
822 821 843
822 844 843
822 844 823
867 821 842
867 887 842
867 887 866
867 866 820
867 784 820
867 784 821
502 484 563
502 575 563
502 575 520
502 484 451
502 485 451
428 482 483
428 408 482
428 408 389
47 35 34
80 98 63
61 77 60
135 155 170
135 155 115
24 440 420
24 401 420
24 401 378
9 353 378
354 337 336
354 337 380
354 9 336
354 9 353
441 421 420
441 421 442
625 23 626
308 267 322
205 224 183
205 224 25
205 183 10
246 267 247
246 224 245
307 306 319
307 306 288
37 49 50
148 162 161
206 246 247
206 246 224
206 224 183
206 184 183
384 360 385
132 93 108
169 155 115
169 114 115
326 361 340
326 229 327
326 361 327
341 273 272
341 362 363
341 362 327
341 251 327
341 251 272
210 229 230
210 189 230
559 537 560
559 536 537
559 536 558
559 590 558
559 573 560
559 590 573
461 498 460
461 424 447
499 498 535
499 536 480
497 498 535
497 498 460
459 497 460
459 497 496
382 358 324
516 537 480
516 448 480
516 537 538
516 517 538
516 517 426
516 448 426
357 406 405
88 28 71
88 57 71
346 345 411
346 311 347
346 311 345
299 311 347
299 278 311
238 258 280
191 211 232
191 211 170
105 92 104
105 128 106
105 128 104
146 128 106
146 128 158
216 257 217
145 128 158
145 128 104
129 130 147
129 146 106
129 146 147
200 178 201
200 238 217
199 200 217
199 200 178
179 178 201
29 181 160
202 203 182
202 203 219
202 182 160
202 181 160
22 877 853
22 833 832
22 833 853
854 878 853
879 880 855
879 854 855
879 854 878
898 878 877
814 833 813
650 612 611
650 750 689
650 612 689
765 783 819
947 968 986
947 946 884
947 985 986
947 985 946
862 839 818
862 839 861
673 652 651
673 652 709
673 633 651
673 672 633
609 687 648
609 590 610
574 561 612
574 591 632
574 612 632
574 591 501
574 562 501
574 561 562
903 924 904
903 858 904
903 858 857
882 858 904
882 858 817
781 801 839
781 801 708
671 706 707
671 609 610
671 706 687
671 609 687
816 778 795
475 455 474
475 493 474
492 493 474
422 443 403
422 381 403
760 725 761
757 743 758
757 775 758
757 774 775
631 668 669
667 684 647
667 684 683
682 699 681
665 682 681
665 680 664
665 680 681
644 23 626
644 645 626
644 665 645
644 23 664
644 665 664
748 763 727
748 704 727
748 702 762
748 702 704
797 837 836
779 778 762
779 748 762
779 748 763
779 797 763
686 670 648
686 704 705
686 687 705
686 687 648
703 702 685
703 685 669
703 670 669
703 702 704
703 686 704
703 686 670
572 588 608
571 588 587
629 667 647
629 628 605
629 606 605
552 606 605
570 552 606
901 923 922
1005 968 986
1005 968 949
1070 1092 1091
1070 1069 1091
987 1006 950
987 1022 988
987 1022 1007
987 1006 1007
987 969 988
987 969 950
1071 1072 1093
1071 1109 1093
1071 1109 1092
1046 1006 1007
1046 1047 1007
1046 1072 1047
1095 1113 1074
989 1023 988
989 951 952
989 951 988
989 970 952
989 1024 970
989 1024 1023
1049 1048 1022
1049 1023 1022
1049 1048 1074
1049 1095 1074
864 951 865
864 969 951
864 840 865
1129 1157 1148
1145 1126 1109
1145 1127 1109
1145 1126 20
1145 20 1146
1094 1073 1047
1094 1072 1093
1094 1072 1047
1094 1110 1093
1111 1129 1148
1111 1129 1110
1111 1094 1110
1111 1094 1073
1089 1067 1068
1089 1105 1106
1089 1090 1068
1089 1090 1106
1002 983 984
1002 1001 1017
1002 1001 983
1088 1065 1087
1041 1087 1064
1041 1065 1087
1041 1064 1040
1041 1042 1017
1041 1042 1065
1066 1089 1067
1066 1089 1105
1066 1042 1067
1066 1042 1065
1066 1105 1104
1066 1088 1104
1066 1088 1065
979 941 963
979 964 6
979 941 964
905 882 904
905 882 883
905 883 906
905 945 906
1016 1001 1017
1016 1041 1040
1016 1041 1017
1016 981 1040
1016 1001 982
1016 981 982
966 945 983
966 1001 983
966 1001 982
942 965 964
942 941 922
942 941 964
942 923 922
638 654 616
653 614 615
653 654 615
471 453 436
471 453 472
525 542 507
525 470 507
580 525 543
580 525 542
524 542 578
524 542 507
566 31 546
566 545 546
785 733 710
785 710 732
785 823 732
785 823 824
868 842 843
889 844 825
789 770 807
789 809 790
789 771 790
789 771 770
715 713 714
736 713 735
736 753 735
736 715 737
736 715 713
736 737 754
736 753 754
769 770 807
769 768 787
769 770 755
769 768 755
769 807 806
936 916 937
895 916 917
895 874 875
895 916 894
895 874 894
873 892 872
873 805 872
871 847 890
788 769 806
788 769 787
786 788 787
786 788 805
786 787 754
786 767 754
827 847 846
712 693 735
803 825 824
803 785 824
803 785 733
959 976 997
959 976 935
996 976 997
993 994 974
993 973 974
1149 1159 1160
19 1174 1163
1114 1115 1075
1114 1095 1075
1114 1113 1132
1114 1095 1113
1150 1160 1132
1150 1171 1160
1133 1115 1135
1133 1134 1135
1133 1150 1134
1133 1150 1132
1133 1114 1132
1133 1114 1115
990 1028 1027
990 971 1027
990 991 931
990 971 931
1008 1024 1051
1008 970 953
1008 1024 970
1076 1116 1135
1076 1077 1096
1076 1115 1096
1076 1115 1135
772 791 790
772 773 791
772 771 790
772 773 741
640 641 661
660 661 676
660 640 661
695 659 675
695 717 718
679 662 663
679 662 678
679 698 678
677 641 661
677 662 641
677 661 676
677 697 676
677 662 678
677 697 678
719 697 676
756 773 16
756 773 741
738 717 755
738 768 755
738 768 737
738 715 737
1036 1037 1063
1036 1086 1063
1084 1103 1061
1084 1102 1103
1032 1059 1058
1032 1033 1059
1032 1031 1058
1139 1154 1155
1139 1140 1156
1139 1155 1156
1054 1028 1026
1082 1081 1101
1082 1121 1101
1082 1081 1058
1082 1059 1058
491 490 473
508 490 472
454 490 472
454 453 472
454 439 473
454 490 473
454 438 439
454 453 438
305 304 317
396 417 397
396 374 397
396 417 416
396 374 395
396 415 416
396 415 395
434 415 416
434 416 469
434 468 469
434 467 433
434 467 468
400 399 419
400 398 399
400 398 15
375 351 376
375 376 397
375 374 397
375 374 335
375 351 335
352 351 30
352 376 377
352 351 376
576 575 594
576 575 520
576 595 594
576 595 596
283 261 302
283 282 260
243 263 262
243 261 262
285 303 304
285 305 304
285 305 286
285 286 262
284 261 302
284 303 302
284 261 262
284 285 262
284 285 303
437 418 436
437 418 399
437 453 436
437 438 399
437 453 438
414 394 372
414 415 372
414 413 433
414 413 394
414 434 433
414 434 415
349 348 333
349 394 348
349 394 372
349 350 372
349 314 333
349 314 350
466 413 433
466 467 505
466 467 433
412 413 393
412 432 465
412 466 465
412 466 413
392 371 393
392 412 393
392 412 432
218 240 219
218 202 219
218 202 181
218 179 181
218 240 201
218 179 201
241 240 219
241 259 240
241 259 260
751 783 820
751 784 820
751 784 709
751 673 709
751 673 672
802 823 732
802 822 823
802 652 732
802 652 709
802 822 821
802 784 709
802 784 821
503 502 520
503 502 485
503 485 486
46 47 34
46 33 34
65 82 81
65 49 50
65 82 50
116 97 115
116 135 115
116 80 98
116 135 98
119 82 81
119 118 81
119 118 136
64 47 81
64 118 81
64 46 63
64 46 47
64 98 63
64 118 98
78 61 77
78 77 76
44 61 60
44 61 62
44 32 62
45 32 62
45 80 63
45 80 62
45 32 33
45 46 63
45 46 33
117 170 136
117 135 170
117 135 98
117 118 136
117 118 98
379 354 380
379 381 403
379 381 380
379 354 353
379 402 403
379 353 402
289 308 321
289 307 321
289 307 288
355 380 319
355 381 380
264 288 287
264 244 288
36 37 12
36 37 49
36 27 49
225 268 269
225 268 247
425 384 385
425 385 426
425 448 426
425 448 447
359 360 340
359 384 360
359 340 325
359 358 325
359 382 358
109 132 133
109 74 94
109 132 93
109 74 93
190 155 211
190 169 155
190 231 211
190 169 189
190 231 230
190 189 230
250 326 229
250 210 229
271 326 340
271 270 325
271 340 325
271 228 270
271 250 228
271 250 326
342 341 363
342 341 273
167 250 228
167 250 210
462 461 447
462 461 498
462 448 480
462 448 447
462 499 480
462 499 498
557 499 535
557 572 558
557 536 558
557 499 536
339 323 324
339 357 323
339 357 406
423 459 460
423 461 460
423 461 424
383 382 424
383 424 447
383 359 384
383 359 382
383 425 447
383 425 384
338 357 323
338 323 322
338 308 322
338 308 321
73 90 13
103 90 89
72 88 57
72 90 89
72 57 13
72 90 13
430 346 411
430 411 451
430 485 451
300 371 312
300 312 280
298 278 311
298 257 278
279 238 280
279 299 278
279 300 280
279 300 299
344 410 391
344 329 330
368 345 391
368 344 391
368 344 330
253 273 252
295 329 330
292 342 273
292 253 273
367 344 410
367 344 329
70 28 56
70 88 28
70 102 88
125 102 88
125 72 89
125 72 88
239 238 258
239 200 238
239 200 201
239 240 201
239 240 258
177 145 158
177 145 176
177 178 158
177 199 178
180 179 181
180 130 147
180 29 130
180 29 181
159 179 178
159 178 158
159 180 147
159 180 179
159 146 158
159 146 147
835 856 855
835 854 855
835 816 856
834 854 853
834 833 853
834 814 833
834 835 854
863 864 840
863 840 818
863 862 818
907 863 862
902 901 880
902 901 923
902 903 857
902 923 924
902 903 924
902 881 857
902 881 880
838 882 817
838 798 817
838 798 799
838 799 859
838 883 859
838 882 883
782 781 839
782 839 818
782 765 750
782 781 750
782 819 818
782 765 819
688 707 708
688 781 708
688 650 750
688 781 750
514 533 553
456 475 455
456 455 440
456 440 420
456 441 420
476 441 442
476 477 442
476 456 441
476 456 475
568 585 569
529 492 493
604 628 627
604 585 627
604 628 605
604 585 569
777 761 795
777 760 761
607 631 587
607 670 608
607 670 669
607 631 669
607 588 608
607 588 587
586 631 587
586 570 606
630 668 647
630 631 668
630 629 647
630 629 606
630 586 606
630 586 631
724 743 758
724 699 681
744 724 758
744 724 699
700 683 746
700 744 699
700 682 683
700 682 699
646 628 627
646 645 627
646 629 628
646 629 667
780 797 837
780 837 817
780 763 728
780 797 763
780 798 728
780 798 817
796 816 778
796 779 778
796 779 797
796 816 856
796 856 836
796 797 836
589 609 648
589 648 608
589 572 608
589 609 590
589 590 558
589 572 558
534 533 553
556 572 588
556 571 588
556 557 572
556 557 535
921 920 940
921 940 963
921 901 922
921 901 920
921 941 922
921 941 963
899 879 878
899 898 919
899 898 878
939 920 940
939 899 919
939 899 920
900 901 880
900 901 920
900 899 920
900 879 880
900 899 879
1020 1005 1044
1020 1070 1044
1020 1070 1069
1021 1046 1006
1021 1006 949
1021 1005 949
1021 1005 1044
1045 1071 1092
1045 1021 1044
1045 1021 1046
1045 1071 1072
1045 1046 1072
1045 1070 1092
1045 1070 1044
1050 1024 1023
1050 1049 1023
1050 1049 1095
1050 1024 1051
1050 1075 1051
1050 1095 1075
1147 1129 1157
1131 1113 1132
1131 1160 1132
1131 1149 1160
1018 1002 984
1018 1019 1067
1018 1042 1067
1018 1002 1017
1018 1042 1017
1018 1003 984
1018 1019 1003
926 966 945
926 905 945
926 904 925
926 905 904
944 965 982
944 966 982
944 926 925
944 926 966
943 942 923
943 924 925
943 923 924
943 944 925
943 942 965
943 944 965
655 638 654
655 656 714
617 638 616
617 597 616
657 675 658
657 656 675
657 655 656
657 655 638
692 637 614
692 653 614
692 653 693
692 637 691
692 712 691
692 712 693
506 467 468
506 524 523
506 523 505
506 467 505
506 468 507
506 524 507
452 435 436
452 471 436
452 470 469
452 435 469
488 525 470
488 452 470
488 452 471
488 525 543
544 580 598
544 580 543
579 542 578
579 580 542
579 580 598
579 620 598
577 541 564
577 564 615
577 614 615
577 614 596
522 564 597
522 541 564
522 523 597
522 523 505
547 566 31
954 930 953
845 870 846
845 889 825
869 844 843
869 889 844
869 910 889
869 868 843
739 717 718
739 717 755
739 770 755
739 771 770
977 959 960
830 852 831
830 829 852
830 829 809
830 810 831
830 809 810
808 829 809
808 789 807
808 789 809
896 917 918
896 897 918
896 895 917
896 895 875
961 936 960
961 977 960
961 977 17
961 936 937
961 962 937
961 17 962
915 916 894
915 936 916
915 936 960
891 912 892
891 892 872
891 871 872
891 912 934
891 934 890
891 871 890
848 871 872
848 786 767
848 805 872
848 786 805
849 874 894
849 873 894
849 874 806
849 788 806
849 873 805
849 788 805
752 753 735
752 712 735
734 803 733
734 803 804
734 752 804
734 752 712
734 733 691
734 712 691
998 1015 997
998 959 997
998 977 959
998 977 999
998 999 2
998 1015 2
914 959 935
914 959 960
914 915 960
1013 975 995
1013 996 975
1013 1034 995
1013 1034 1035
958 996 976
958 976 935
958 912 935
958 996 975
958 975 957
958 934 957
958 912 934
1014 1036 1035
1014 1036 1037
1014 1013 1035
1014 1013 996
1014 1037 997
1014 996 997
992 973 972
992 1010 972
992 993 973
992 1030 1010
992 1030 1031
1012 993 994
1012 994 995
1012 1033 995
1012 1032 1033
1158 1149 1159
1158 1168 1148
1130 1111 1148
1130 1158 1148
1130 1158 1149
1130 1131 1149
1161 1171 4
1161 1150 1171
1161 1150 1134
1029 990 1028
1029 1030 1056
1029 1030 1010
1029 1010 991
1029 990 991
1052 1008 1051
1052 1008 1025
1052 1051 1096
1052 1077 1096
1052 1025 1077
1009 1008 953
1009 1008 1025
1009 954 953
1009 954 971
1009 971 1027
1009 1025 1027
621 620 598
622 641 623
622 640 641
639 660 640
639 621 640
639 659 658
639 660 659
639 620 658
639 621 620
696 695 659
696 660 676
696 660 659
696 695 718
696 719 676
696 719 718
740 719 741
740 719 718
740 739 718
740 739 771
740 772 741
740 772 771
720 756 741
720 719 741
720 719 697
716 695 717
716 738 717
716 738 715
1062 1036 1035
1062 1034 1061
1062 1034 1035
1062 1061 1085
1062 1086 1085
1062 1036 1086
1060 1084 1061
1060 1034 1061
1060 1033 1034
1060 1033 1059
1083 1082 1059
1083 1082 1121
1083 1060 1059
1083 1060 1084
1083 1121 1122
1083 1102 1122
1083 1084 1102
1167 1154 1155
1137 1154 1138
1137 1167 1166
1137 1167 1154
1053 1077 1026
1053 1054 1026
1055 1054 1028
1055 1029 1056
1055 1029 1028
1165 1153 1164
1165 1137 1166
1165 1137 1153
1152 1116 1163
1152 1153 1164
1152 1174 1163
1152 1164 1174
526 544 543
526 544 545
528 31 546
509 491 490
509 508 490
509 528 491
509 528 546
313 314 302
313 283 302
313 314 333
313 301 333
313 301 282
313 283 282
222 243 263
242 243 261
242 283 260
242 283 261
370 392 371
370 300 371
370 299 347
370 300 299
731 765 783
731 751 783
731 751 672
731 672 689
731 750 689
731 765 750
521 503 520
521 503 486
48 47 35
48 27 35
48 47 81
48 65 81
48 27 49
48 65 49
156 192 191
156 170 136
156 191 170
79 78 97
79 78 61
79 116 97
79 116 80
79 80 62
79 61 62
266 289 308
266 246 245
266 308 267
266 246 267
265 244 288
265 289 288
265 266 289
265 266 245
265 223 245
265 244 223
151 132 133
163 150 186
163 148 162
163 148 149
163 150 149
185 184 162
185 163 162
185 163 186
26 74 94
75 112 76
75 59 76
75 59 58
75 26 58
75 26 94
96 78 76
96 112 76
96 114 97
96 78 97
407 382 324
407 339 324
407 382 424
407 423 424
407 339 406
407 423 406
446 423 459
446 423 406
446 406 405
446 445 405
356 338 357
356 357 405
126 103 89
91 103 90
91 73 90
91 92 104
91 73 92
127 145 176
127 145 104
127 91 104
127 91 103
431 430 485
431 432 486
431 485 486
237 279 238
237 257 217
237 238 217
237 257 278
237 279 278
331 368 330
233 253 252
233 192 191
233 252 232
233 191 232
364 292 342
364 388 363
364 342 363
364 343 292
328 295 329
409 428 483
409 464 483
409 410 464
409 367 410
366 328 343
366 367 329
366 328 329
198 197 216
198 216 217
198 199 217
198 197 176
198 177 176
198 177 199
815 816 795
815 835 816
815 834 814
815 834 835
929 864 969
929 863 864
929 969 950
929 907 863
885 907 862
885 862 861
885 860 861
885 860 884
928 950 949
928 968 949
928 929 950
928 929 907
649 688 707
649 611 610
649 650 611
649 688 650
649 671 610
649 671 707
479 533 496
479 514 533
603 568 585
603 584 8
603 568 8
603 625 584
603 625 626
603 626 627
603 585 627
549 568 569
404 422 381
404 445 422
404 445 405
404 355 381
404 356 405
404 356 355
551 604 569
551 552 605
551 604 605
793 813 7
793 774 7
793 774 775
759 775 758
759 744 758
554 586 570
554 534 571
554 571 587
554 586 587
554 570 553
554 534 553
723 680 681
723 724 681
723 724 743
745 700 746
745 725 746
745 760 725
745 700 744
745 759 760
745 759 744
666 646 645
666 665 645
666 665 682
666 682 683
666 667 683
666 646 667
555 556 535
555 534 571
555 556 571
1004 1005 986
1004 1020 1005
1004 985 986
1004 985 1003
1043 1069 1068
1043 1020 1069
1043 1004 1020
1043 1019 1068
1043 1019 1003
1043 1004 1003
1128 1147 1129
1128 1127 1110
1128 1129 1110
1128 1147 1146
1128 1145 1146
1128 1145 1127
674 653 654
674 655 654
674 653 693
674 655 714
674 713 714
674 713 693
618 617 578
618 617 638
618 657 638
565 524 523
565 523 597
565 617 597
565 524 578
565 617 578
489 508 472
489 471 472
489 488 471
489 526 508
489 488 543
489 526 543
487 522 505
487 466 465
487 466 505
908 971 931
908 954 971
888 887 930
888 954 930
888 887 842
888 868 842
888 908 868
888 908 954
826 845 825
826 827 804
826 827 846
826 845 846
826 803 825
826 803 804
932 973 956
932 973 972
955 991 931
955 972 991
955 932 972
955 932 910
978 977 999
978 977 17
850 829 875
850 808 829
850 874 806
850 874 875
850 807 806
850 808 807
851 876 897
851 896 897
851 896 875
851 829 875
851 829 852
851 876 852
828 848 767
828 827 847
828 871 847
828 848 871
913 914 915
913 914 935
913 912 935
913 912 892
1057 1030 1031
1057 1031 1058
1057 1080 1056
1057 1030 1056
1057 1081 1058
1057 1081 1080
1011 992 1031
1011 992 993
1011 1032 1031
1011 1012 993
1011 1012 1032
1169 1158 1168
1169 1158 1159
1169 1159 1170
1112 1130 1131
1112 1073 1074
1112 1111 1073
1112 1130 1111
1112 1113 1074
1112 1131 1113
1172 1161 4
1172 1161 1173
1162 1161 1173
1162 1161 1134
1162 1151 1134
1162 19 1173
1162 1151 1163
1162 19 1163
600 621 640
600 622 640
600 601 622
742 756 16
742 722 756
721 698 678
721 722 698
721 697 678
721 720 697
721 722 756
721 720 756
694 715 714
694 716 715
694 656 714
694 656 675
694 695 675
694 716 695
1117 1137 1138
1117 1137 1153
1119 1154 1138
1119 1139 1154
527 509 546
527 509 508
527 526 508
527 545 546
527 526 545
220 242 260
220 241 260
220 203 219
220 241 219
221 222 243
221 242 243
221 220 242
221 220 203
540 521 520
540 576 520
540 577 541
540 521 541
540 576 596
540 577 596
83 82 50
234 233 192
234 233 253
209 187 226
188 187 226
188 187 166
188 167 166
188 167 228
131 132 108
131 151 132
131 151 150
165 151 133
165 187 166
164 209 186
164 209 187
164 150 186
164 151 150
164 165 187
164 165 151
207 185 184
207 206 184
207 206 247
207 225 247
154 169 114
154 169 189
113 96 114
113 96 112
113 154 114
113 154 153
168 167 210
168 210 189
168 154 189
168 154 153
152 168 153
152 167 166
152 168 167
320 338 321
320 356 338
320 356 355
320 355 319
320 307 319
320 307 321
144 126 103
144 127 176
144 127 103
144 197 176
144 197 175
144 126 175
369 392 432
369 431 432
369 370 347
369 370 392
369 431 430
369 346 347
369 430 346
277 216 257
277 298 257
310 311 345
310 298 311
310 368 345
310 331 368
297 331 296
297 277 298
297 310 298
297 310 331
276 331 296
276 331 330
276 295 275
276 295 330
294 328 295
294 295 275
294 254 275
390 428 389
390 409 428
390 409 367
390 366 367
365 364 343
365 366 343
365 390 366
365 390 389
365 388 389
365 364 388
794 815 814
794 777 795
794 815 795
794 814 813
794 793 813
948 885 907
948 928 968
948 928 907
948 947 968
948 947 884
948 885 884
458 479 496
458 459 496
458 446 459
458 446 445
478 479 514
495 476 477
532 514 553
532 570 553
532 570 552
550 549 569
550 549 529
548 549 529
776 794 777
776 794 793
776 777 760
776 759 760
776 793 775
776 759 775
515 497 535
515 555 535
515 497 496
515 533 496
515 534 533
515 555 534
619 657 658
619 618 657
619 620 658
619 579 620
619 579 578
619 618 578
504 522 541
504 487 522
504 521 541
504 521 486
504 486 465
504 487 465
911 932 956
911 870 956
911 845 870
911 932 910
911 845 889
911 910 889
909 908 931
909 955 931
909 869 868
909 908 868
909 869 910
909 955 910
766 828 767
766 767 753
766 752 753
766 828 827
766 827 804
766 752 804
893 913 915
893 873 894
893 915 894
893 873 892
893 913 892
581 544 545
581 566 545
602 624 0
602 624 623
602 622 623
602 601 622
582 547 566
582 583 547
582 581 566
582 581 601
582 602 601
582 583 0
582 602 0
1078 1053 1054
1099 1080 1100
1099 1140 1100
1099 1139 1140
1099 1119 1139
1098 1055 1054
204 221 222
204 203 14
204 221 203
66 37 50
66 83 50
138 83 99
138 139 99
138 83 82
138 119 82
137 138 139
137 156 136
137 119 136
137 138 119
121 86 122
121 141 120
121 141 122
55 42 43
143 125 89
143 126 89
124 143 142
124 125 102
124 143 125
123 142 173
123 141 173
123 141 122
123 124 142
172 141 173
172 195 173
172 141 120
227 188 226
227 249 270
227 226 249
227 228 270
227 188 228
107 150 149
107 131 150
107 131 108
208 207 185
208 185 186
208 209 186
208 207 225
111 113 153
111 152 153
255 276 275
255 276 296
196 142 173
196 195 173
274 294 254
444 422 443
444 443 442
444 477 442
444 478 477
511 529 493
511 550 529
494 476 475
494 495 476
494 475 493
494 511 493
494 495 512
494 511 512
531 532 552
531 532 512
531 551 552
513 495 512
513 532 512
513 532 514
513 495 477
513 478 477
513 478 514
510 529 492
510 548 529
567 548 549
567 568 8
567 549 568
599 544 598
599 581 544
599 621 598
599 600 621
599 600 601
599 581 601
1136 1078 1117
1136 1152 1116
1136 1152 1153
1136 1117 1153
1118 1078 1054
1118 1098 1054
1118 1117 1138
1118 1078 1117
1118 1119 1138
1118 1098 1119
1079 1055 1056
1079 1098 1055
1079 1080 1056
1079 1099 1080
1079 1099 1119
1079 1098 1119
51 66 37
51 37 12
51 38 12
100 121 120
54 42 41
54 55 42
87 86 122
87 54 86
87 54 55
213 194 254
213 274 254
171 193 139
171 137 139
171 156 192
171 137 156
157 172 120
157 172 194
157 213 194
157 213 193
174 143 142
174 196 142
174 126 175
174 143 126
248 209 226
248 208 209
248 226 249
248 208 225
248 249 269
248 225 269
110 109 94
110 109 133
95 113 112
95 111 113
95 110 111
95 110 94
95 75 94
95 75 112
134 111 152
134 152 166
134 110 133
134 110 111
134 165 166
134 165 133
235 255 195
235 172 194
235 172 195
235 255 275
235 254 275
235 194 254
236 297 296
236 297 277
256 255 195
256 196 195
256 255 296
256 236 296
293 234 253
293 274 234
293 328 343
293 294 328
293 274 294
293 292 253
293 343 292
457 444 422
457 445 422
457 458 445
457 458 479
457 478 479
457 444 478
530 511 550
530 531 551
530 511 512
530 531 512
530 551 569
530 550 569
1097 1136 1078
1097 1078 1053
1097 1076 1116
1097 1136 1116
1097 1076 1077
1097 1053 1077
52 38 39
52 51 38
52 40 39
69 87 55
69 70 102
69 70 56
69 56 43
69 55 43
212 274 234
212 213 274
212 213 193
212 234 192
212 171 192
212 171 193
140 100 120
140 157 120
140 157 193
140 100 99
140 139 99
140 193 139
215 277 216
215 236 277
215 197 216
215 197 175
214 174 196
214 256 196
214 256 236
214 215 236
214 174 175
214 215 175
53 54 86
53 52 40
53 40 41
53 54 41
67 51 66
67 52 51
101 69 102
101 69 87
101 124 102
101 123 124
101 123 122
101 87 122
84 67 66
84 83 99
84 66 83
84 100 99
85 100 121
85 121 86
85 84 100
85 84 67
68 67 52
68 85 67
68 53 52
68 53 86
68 85 86