0.0265 0
0.0244828076115491 0.01014111095767488
0.01873832970144351 0.01873832970144351
0.01014111095767488 0.0244828076115491
1.622657008870243e-18 0.0265
-0.01014111095767488 0.0244828076115491
-0.01873832970144351 0.01873832970144351
-0.0244828076115491 0.01014111095767488
-0.0265 3.245314017740486e-18
-0.0244828076115491 -0.01014111095767487
-0.01873832970144351 -0.01873832970144351
-0.01014111095767489 -0.02448280761154909
-4.867971026610728e-18 -0.0265
0.01014111095767489 -0.02448280761154909
0.01873832970144351 -0.01873832970144351
0.02448280761154909 -0.01014111095767489
0.02534524801876309 0.007737467471168175
0.02045495528127759 0.01684769433604889
0.01245058102684895 0.02339301246299563
0.002550718675880609 0.02637695650063733
-0.007737467471168174 0.02534524801876309
-0.01684769433604889 0.02045495528127759
-0.02339301246299563 0.01245058102684895
-0.02637695650063733 0.002550718675880611
-0.02534524801876309 -0.007737467471168173
-0.02045495528127759 -0.01684769433604889
-0.01245058102684894 -0.02339301246299564
-0.002550718675880636 -0.02637695650063733
0.00773746747116816 -0.02534524801876309
0.01684769433604889 -0.0204549552812776
0.02339301246299564 -0.01245058102684894
0.02637695650063733 -0.002550718675880637
-0.006877344051401748 -0.02559203271856702
-0.005765028466942198 -0.02586531358252223
-0.004656786806798294 -0.02608762803559747
-0.00362899840938643 -0.02625034038967604
-0.001143214557067038 -0.02647532927186978
-0.0004777836527373619 -0.02563122637097548
0.0009962959363174694 -0.02648126497131233
0.001904378577356677 -0.02643148391463137
0.002851820648364588 -0.02634610253557015
0.003856367036320681 -0.0262179029109943
0.004810288961967018 -0.02605976054681074
0.005844311427989786 -0.02584751484773069
-0.007947398781896306 -0.02528020673477193
-0.00612030054411804 -0.02489860338857989
-0.004985050982409782 -0.02513669928955934
-0.003910458349587025 -0.02515389480376521
-0.002923367125786287 -0.0254209777952386
-0.001716227852019226 -0.02573867443528971
-0.001040829201493607 -0.02474034190205244
0.0007226846518161058 -0.02558145628549955
0.001926935599021112 -0.02556367254269553
0.003150348581647936 -0.02538641061287055
0.004127437321688234 -0.02511598831318133
0.005189811998601658 -0.0251215053641237
0.006740311954916742 -0.02562846454253626
0.009341316036155406 -0.02479898817292425
-0.01170729277394663 -0.02377371018617601
-0.01092844634961321 -0.02414164576946199
-0.009018272154536957 -0.02491828178161423
-0.008211422707459315 -0.02426149855490807
-0.00715898865464391 -0.02455526951918607
-0.005367336158078867 -0.02412420373800055
-0.004321216841434434 -0.02408390557644588
-0.002172081170826134 -0.02477218245125901
0.0001748556478515154 -0.02464651428897668
0.001386203064691172 -0.0246338852816381
0.002572771507886855 -0.02464471036182643
0.006060712157459175 -0.02461754521309979
0.007103226399711882 -0.0246571288912623
0.008565655486416692 -0.02507747088697464
0.009108890273004185 -0.0238004603963792
0.011130355682357 -0.02404922415558234
-0.0133098960682259 -0.02291498781881104
-0.01124000225024074 -0.02297640843696292
-0.01008445433948777 -0.02333640663771103
-0.009314767496140674 -0.02401129533289714
-0.008738154038244265 -0.02322950460031018
-0.007513538091617871 -0.02342434745844984
-0.006387554964955437 -0.0237251865694309
-0.00311970013013735 -0.02413669898787763
-0.001798260297012572 -0.02374973033065303
-0.0004599692144346601 -0.02368410149417656
0.0009184995161330754 -0.02362240136750749
0.002253439419313481 -0.02366522066168096
0.003581337148482976 -0.02407612034362351
0.004828720849332439 -0.02414774025942429
0.008097023764623535 -0.02420065986188932
0.00906428578763103 -0.02266737820009928
0.01014089705875199 -0.02339081263137013
0.01114950880407877 -0.02292564212746951
0.01211791484545827 -0.02356705624211273
-0.01419102817719866 -0.02238000712252677
-0.01222738608059536 -0.0224187357159233
-0.01125435011336006 -0.02176710464423416
-0.009255393757620786 -0.02231455254737453
-0.007926191811276526 -0.02235503283962187
-0.005286500472600973 -0.02300673661707291
0.0002656803878002691 -0.02264250103962353
0.001771431498948338 -0.02259362212418588
0.005754304293404468 -0.02344486609374677
0.006934435635360671 -0.02368735880440543
0.01012804067159177 -0.02219605459782539
0.01214235417421001 -0.02243737570964068
0.01309552846932691 -0.02303816689853307
0.01404715436123144 -0.0224705908706451
-0.01593031453705558 -0.0211772302025979
-0.01505627856295008 -0.02180730326867072
-0.0132180246848159 -0.02187642353857258
-0.0123184593425461 -0.02124796439269171
-0.01126829634616535 -0.02062439059204699
-0.01035136758163114 -0.02232691151924791
-0.009982145043206906 -0.02122171742432914
-0.008604109915470002 -0.02128636736021232
-0.007173454685326555 -0.02141069076552811
-0.006579372885577469 -0.0225833233996959
-0.004604796195897116 -0.02199675931165662
-0.003893950486523137 -0.02305665349403772
-0.002640120629841209 -0.02288824414360953
0.002708748551507742 -0.02157904614783678
0.003186026256050338 -0.02284753331697445
0.004450949123808195 -0.02306259278013518
0.005442237905459819 -0.02221385104651088
0.006740602187658705 -0.02258817862462213
0.007990526282410027 -0.02313483420332551
0.008988010927230667 -0.02143258116613271
0.01118341033374346 -0.02169177337362738
0.01310788893613659 -0.02189572723440467
0.01498724168613095 -0.02185480694571279
0.01595598268108697 -0.02115789725575264
-0.01509777979808669 -0.02077292667919164
-0.01414313292076148 -0.02130207529637292
-0.01331465518986514 -0.02064332027423242
-0.01232327777868604 -0.01998002010404962
-0.005774170945169105 -0.02163954334744047
-0.003415514232993535 -0.02173350360767536
-0.002018940268546777 -0.02166047569566114
-0.001202653103823271 -0.0226804308117608
-0.000476771713993695 -0.0215818215895592
0.001069309403746573 -0.02158203563110108
0.004094558199283699 -0.02178402220897951
0.006525823370461653 -0.02136693527431152
0.007850471108227662 -0.02197218266892932
0.01012351287324357 -0.02090101085703989
0.01223940896903202 -0.02118726121344091
0.01403441538310673 -0.02137649238002066
0.01498849621027691 -0.02088590982315091
-0.01738734562029291 -0.01999825521674365
-0.01666159573284093 -0.02060682478763379
-0.01569356869684947 -0.01993190643543258
-0.01438894764752704 -0.02010050930787739
-0.0112925583236347 -0.01917616755181667
-0.01029517600231409 -0.020025205008025
-0.009088869272296681 -0.02009160707443121
-0.006223223337043642 -0.0204130972270828
-0.002966487134492342 -0.02050215157713301
0.001904815313977552 -0.02052303690194446
0.01330935909220572 -0.02058750961999696
0.01436678944887025 -0.02013600033858905
0.01749753039130606 -0.01990192026223485
-0.0180800633311411 -0.01937424345490306
-0.01748883475252171 -0.01878715410084779
-0.01661796865990357 -0.01940651554391993
-0.01479181061607964 -0.01907177702939073
-0.01346959928676189 -0.01940602368791046
-0.01242502505636767 -0.01864702441834726
-0.01115659307741089 -0.01773841289868993
-0.009977106533473147 -0.01876625446302177
-0.007717979786557632 -0.02020936859477531
-0.004614552561734255 -0.02064527987887784
-0.001312558787199797 -0.02046721613012591
0.003675069233905497 -0.02038427436229637
0.005149235404942294 -0.02086192768055012
0.007728109916538282 -0.02069069224548755
0.008944929482564819 -0.02007734830810823
0.01125948620769714 -0.02036098423612326
0.0124281320500279 -0.01989990870186423
0.01368062854498176 -0.01922450610478646
0.01510586098077773 -0.01931057542148875
0.01572921553944865 -0.02016332715409754
0.01642332225015089 -0.0194209321234027
0.01814922711063618 -0.01930946801300393
-0.01903667279029738 -0.01784387966507925
-0.01798708058299698 -0.01786413903091851
-0.01680717483740522 -0.01808528660130495
-0.01587147869934544 -0.01865758432440122
-0.01382546644985266 -0.0182454887147317
-0.01270974790119483 -0.01747674082263417
-0.008529539993553324 -0.0188655831603163
-0.007024675389020155 -0.0190395659648788
-0.003875926596085209 -0.01937170207349233
-0.002113141248297359 -0.0192710528836911
0.0002938246533387163 -0.02040235040697498
0.002596227943546525 -0.01940919175276005
0.004971290290877194 -0.01941858161361389
0.006390902466844744 -0.02000749727286661
0.01015461511652007 -0.01950047945833209
0.01134914625166959 -0.01895246232658421
0.01253822742751247 -0.01868645200629256
0.0132868529604157 -0.0177755224895984
0.01460504970660202 -0.01831246196586641
0.01725383326927176 -0.01879567559446724
0.01814713661440866 -0.0180449199231641
0.01941794263559548 -0.01803312239407736
-0.01981214607691464 -0.01759911553249222
-0.01845314287395387 -0.01681693050270396
-0.01729695182538957 -0.01691462036460031
-0.01614242686720296 -0.01722626498121006
-0.01510875711777265 -0.01779769009667874
-0.009523320545927361 -0.01752152795402404
-0.005484892309422996 -0.01931947093682746
-0.0005274964042966655 -0.01908876570508619
0.001040929941082993 -0.01910927366684841
0.007693813582324137 -0.01925593612449624
0.009027201362534008 -0.01857027773183263
0.01039263495673177 -0.01795603450316436
0.01184732296868274 -0.01743587999600144
0.01592841381767848 -0.01843343599970736
0.01690818861005756 -0.01785155169858188
0.01788357998202252 -0.01703957284511894
0.01900457100242724 -0.01717123212457198
0.0201428243736243 -0.0172196581160238
-0.02117152456534834 -0.01593789659380689
-0.01946170273464751 -0.01665640467593023
-0.01658618225524621 -0.01586561400451425
-0.0142258394990326 -0.01700192728352073
-0.0132832714847776 -0.01624036839170554
-0.01184802975000987 -0.01634580070541923
-0.008806714212446991 -0.01609806524119333
-0.007926689324434046 -0.01756398773304127
-0.006351548737169065 -0.01776453682944961
-0.004803124820799797 -0.01804904897920898
-0.002958247094517587 -0.01812776150847393
-0.001290742371104603 -0.01768005370976818
0.003714540464465054 -0.01860418933792991
0.007690818690668007 -0.01769481084261867
0.0118205738847597 -0.01599246751718717
0.01316674344581634 -0.01630287288981366
0.01433802759530164 -0.01712649922651878
0.01558663487438447 -0.01726749427159575
0.0167217242022748 -0.01682026219979325
0.01861761459330579 -0.0161027595430864
0.01974694073867593 -0.01627440998742575
-0.02182133993771747 -0.01503592777338471
-0.02019355360980616 -0.01575442680124845
-0.01902857666213459 -0.01568153266888029
-0.01783633311929299 -0.01576494177079853
-0.01539408876073631 -0.01630576691481376
-0.01447107919988768 -0.01546727866993764
-0.01042250678189898 -0.01628791253088072
-0.007146314097963874 -0.01613094031851692
-0.003850257184186466 -0.01691705198209183
-0.002260473049225559 -0.01641070712080455
0.002064377162343709 -0.01788725579248842
0.004945159573091422 -0.01767882966416676
0.006305202285976222 -0.01850185399312561
0.01047732842433195 -0.01643515114690552
0.01470661587159874 -0.01600268944558805
0.01602440704147587 -0.01591453405937456
0.01746331553610998 -0.01587741320760743
0.01932102624196925 -0.01519077138765722
0.02049590346207192 -0.01543136068966662
0.02085076776569808 -0.01635528917058972
-0.0223670745758476 -0.014211402976982
-0.02092012545388249 -0.01480784854447176
-0.01974403733920459 -0.014714543227192
-0.01846600242829965 -0.01464300839461325
-0.01716864671871573 -0.01461107214357375
-0.01575426918964998 -0.01478073850862863
-0.01289978199445546 -0.01499237268854481
-0.01141980771734542 -0.01485596984293856
-0.005542744007724411 -0.01634900999073231
-0.004117556552278955 -0.01540731676876462
0.0003265200524676819 -0.01754855484132358
0.003327879095859343 -0.01691279211533199
0.004763026497247485 -0.01592838554412096
0.009084260147436494 -0.01697668279606375
0.01078241599850114 -0.01471418963334497
0.01250328777177273 -0.01469959918813681
0.01387555188908386 -0.01486195138359218
0.0153804633774724 -0.01474376520310033
0.01686692336291198 -0.01485217963286122
0.0182443140244602 -0.01485978162790701
0.02005693874341635 -0.01444693280457399
0.02117787446412802 -0.01447575331306416
0.02155104440381162 -0.01542084579778097
-0.02288873523536251 -0.01335499153881733
-0.02166196304383238 -0.01373200247209725
-0.02054507641040043 -0.01381680482411323
-0.01664115617396569 -0.01339299158136502
-0.0141863338782368 -0.01415545252859462
-0.00238363990733726 -0.01479192321971183
-0.0005024389576381515 -0.01586048676706894
0.001457642523555218 -0.01627325894483926
0.00294632297404458 -0.01519234229407186
0.006332203074714125 -0.0167800861688597
0.007798805989035093 -0.01593843103482653
0.009296125854599272 -0.01519047579670453
0.01161182022326912 -0.01333067027399442
0.01326501604050409 -0.01319840210533962
0.01627978752624623 -0.01370781107364831
0.01910858324938952 -0.01381847363956965
0.02050087954423071 -0.01352214623267861
0.02172130399852766 -0.01350954186392399
0.02221518973670325 -0.01444767610943232
-0.02231057749408288 -0.01261012941844712
-0.02120445411344116 -0.01274323249802178
-0.01924504860359954 -0.01361987670344997
-0.01535141206434599 -0.01341278113642481
0.007959762615217679 -0.01406480388383072
0.009656907376780049 -0.01326290143206871
0.01464009045538686 -0.01350914680535863
0.0177379307358018 -0.01375625008736226
0.01849834535760225 -0.0126425344211835
0.02109184387504057 -0.01257242563027051
0.02231058251922488 -0.01255896759591336
0.02282069163842749 -0.01347093290220785
-0.02343747466813551 -0.01236668028156168
-0.02166587071846591 -0.01166256361635594
-0.02037744982030674 -0.01176446763406829
-0.0200171093816935 -0.01280506394855978
-0.01805570375145357 -0.01341949133566473
-0.01746144642443096 -0.01226888869216635
-0.01574264664625175 -0.01199237434487259
-0.01268636600846609 -0.01351123799956328
-0.009829049250866471 -0.01472323401444391
-0.007976296322366745 -0.01456910515496753
0.0009867220992043932 -0.01455525539514246
0.002602317858980031 -0.01333834905733455
0.004547024231857945 -0.0141171426127831
0.006317427388504303 -0.01496863827989102
0.01558140415158494 -0.01250263463148956
0.01709083340599931 -0.01254659708171161
0.01978311205084861 -0.01265165116348434
0.02167276509066915 -0.0116178724214035
-0.02396030704444738 -0.01132049851032054
-0.02285482594361184 -0.01153635160400027
-0.01893749139801955 -0.01219616523874431
-0.01690216958419764 -0.01110338348930706
-0.0110798426129553 -0.01327188772342264
-0.006107630073317167 -0.01458086322965228
-0.004408038763615927 -0.01389451603477762
-0.0008883544670444289 -0.01386413575495688
0.004322686860477642 -0.01217925658964105
0.00797870821440254 -0.01215238549858071
0.009551515822435087 -0.01114427373748545
0.01097100844440078 -0.01190123770664869
0.01617103323798987 -0.01128569440886237
0.01776323158659624 -0.01137992513062992
0.01918206768267846 -0.01146964492637202
0.02282402547629624 -0.01154793863787051
0.02380813049334452 -0.01163713548969439
-0.02390998988104074 -0.009372344675306054
-0.02344627840106564 -0.01049855601988509
-0.02095644832340133 -0.01065938166294343
-0.01963182720275939 -0.01081599504073811
-0.01832134723869324 -0.01098234719816371
-0.01407992071602575 -0.01255354122567667
-0.01250199351244948 -0.01189359504352787
-0.01037861758107412 -0.0118105285171181
-0.009161780282068589 -0.01319933389488402
-0.007156358619626685 -0.01289173249037941
-0.0053725356030051 -0.01250984761432689
-0.00296274004490245 -0.01295337538905605
-0.001505199067962135 -0.01180633924831235
0.0006099052268265156 -0.01255038867922569
0.002295520939838099 -0.01127601525375024
0.006242097745528563 -0.01309786211907314
0.01150677454444537 -0.0101110493837685
0.01265020390023245 -0.01166992507499082
0.01433946572847337 -0.01172041743551088
0.01857693606603679 -0.01022652715729535
0.02045781994840404 -0.01152242302776063
0.02121880604189596 -0.01045697964008781
0.02228777487098199 -0.01063842643174573
0.02330469216520699 -0.01045786516535924
0.0241530158210626 -0.01090329431284559
-0.02491124989246179 -0.009037678292300047
-0.0228027721457779 -0.009645318955678037
-0.0222205989286602 -0.01061144600364971
-0.02150025511190491 -0.009563866152429077
-0.01429291453944116 -0.01105817398439143
-0.01305817329443206 -0.009964451053106029
-0.01156119119279344 -0.01056690607509865
-0.009772348275837943 -0.009956225964393894
-0.008372617377835716 -0.01151825990332177
-0.006275613002898769 -0.0107539269711855
-0.003916999400698395 -0.01119154095477516
-0.002279264689295854 -0.009790087135516526
0.0001099992119735536 -0.01043811895678673
0.00610225017677676 -0.01109621869032399
0.01347898706128386 -0.01013544007762466
0.01519332024648201 -0.01019760547596824
0.01701824422767585 -0.01008318379214054
0.01995870302969138 -0.01029673419606644
0.02095313113861621 -0.009316307371106548
0.02233319357319747 -0.009579033919390818
0.02363518354544265 -0.009463566148852584
0.02419955381579287 -0.008517665803687917
0.02484875213704118 -0.009208122335409094
-0.02439559323654884 -0.008245252021897572
-0.02328660825387658 -0.008531401023396534
-0.02215231852021753 -0.008684549916217553
-0.02028294013576956 -0.009488476844994051
-0.01890672354706022 -0.009616314322731429
-0.01739407227413736 -0.009723651829820669
-0.01576976294098445 -0.0102450185955411
-0.002885659990517968 -0.007560698655417302
0.001937528287489121 -0.009065269599569792
0.004110130433802739 -0.01004388708043438
0.007794972046595884 -0.01001000320137343
0.01467879005449645 -0.008576443230666097
0.01627299354924567 -0.008837237640027475
0.0180504504912395 -0.008914362467373932
0.01947302154371695 -0.009035871570214788
0.0203632198044655 -0.008136689947824231
0.02182744678154246 -0.008446220034712097
0.02295826271271854 -0.008555526297580619
0.02521679435083498 -0.00814636622262266
-0.02462056497578901 -0.007137733467330883
-0.02352049357923003 -0.007486822298402529
-0.021020844006822 -0.008168999906933405
-0.01633991371382057 -0.008580483683795772
-0.01463685446169136 -0.009211691196561364
-0.01121753129314757 -0.00875627110032585
-0.009217428542384904 -0.007809577281343638
-0.004676257805988718 -0.009182603686443077
-0.0004612634679323666 -0.008256043692823149
0.00594385995513249 -0.008837712520080721
0.009598355700985021 -0.009217759532517394
0.0112064865421265 -0.008166341193893268
0.01287633195105432 -0.00850616557505683
0.01736386664838429 -0.007717349154790067
0.01896272616707426 -0.007544775955446251
0.02140534729959983 -0.007385929223596366
0.02258802394082401 -0.007228104165361994
0.02358552519332553 -0.007696984357701934
0.02459528863904943 -0.007376556371572747
0.02554932847827305 -0.007034331124047931
-0.02562926447100625 -0.006737269651854685
-0.02389896615762157 -0.006409493450601306
-0.02283820017926186 -0.00643388091837185
-0.02232652172533572 -0.007601743631163608
-0.02158707299937401 -0.006700490817677819
-0.01963751077455717 -0.008296152253435081
-0.01808298092748207 -0.008382256990851919
-0.01296274027070238 -0.008178692446563014
-0.01127941477735714 -0.006900894037917977
-0.007998805344313032 -0.009626330873543558
-0.005162572923527573 -0.00678273234825962
0.00781232016143181 -0.007718987662881324
0.02167164304874356 -0.006196404482524205
0.02371083870277209 -0.006610066163146494
0.024807741305536 -0.00628128638937504
-0.02587250221642236 -0.005732680790348787
-0.02487168711249971 -0.005995380913421037
-0.02040723715527112 -0.006927984403719843
-0.01903760190335558 -0.007029699611827963
-0.01751197088364097 -0.007059754021541992
-0.01607825154996983 -0.007013323577290769
-0.01463929741664767 -0.007563361681252963
-0.01321819010529835 -0.006284212202553312
-0.003383634912769624 -0.005022916447196302
0.003881907258997663 -0.00770668587426837
0.01391854527845268 -0.006969764332019567
0.01588218716284017 -0.007107443334785016
0.01771829486671503 -0.006376272286917844
0.01921837044318949 -0.005935578538673701
0.02026671377835885 -0.006748942151710675
0.020688388223677 -0.005370720808732058
0.02281336933775022 -0.005869396213454615
0.02395748218451002 -0.005494190946443311
0.02582393376733724 -0.00594764190197951
-0.0260659272514726 -0.004776760036414287
-0.02498277779201514 -0.004972310166912893
-0.02378460177944501 -0.005376884747349239
-0.02239029767429713 -0.00542604363546319
-0.02115511081770945 -0.005447636213719526
-0.019851013313442 -0.005602300944188465
-0.01181497312536005 -0.004883923385618824
-0.006764721853810838 -0.008317233365881239
-0.0009633832830964139 -0.005833088310736717
0.001510618402818988 -0.006715992188316266
0.005908378958476102 -0.0064146013714588
0.00963297443693795 -0.007042017135251277
0.01203405724668174 -0.006439231795815631
0.01507465057695764 -0.00559835777444997
0.02195297272634681 -0.004834915195308569
0.02311166287215137 -0.004564921860085643
0.02506554341819733 -0.005208978346211848
0.02605338848955156 -0.004844682461174738
-0.02622203712690568 -0.003828154728959984
-0.0252498512403768 -0.003899106988119572
-0.02413911954033555 -0.00420784619754992
-0.02306449200237821 -0.00445837792428692
-0.01836796517825032 -0.005674619454713117
-0.01669126275838474 -0.005442096403395317
-0.01496942765905302 -0.00564659237447058
-0.01378361771154357 -0.004303373594367325
-0.005822991821364466 -0.004419682715912522
-0.003980034696162099 -0.002389238769391812
0.007920496192620882 -0.005195650030082725
0.01023555842269945 -0.005365465415495635
0.01348218825271861 -0.00499203192705899
0.01659308739152097 -0.005324399397343259
0.01828116957264618 -0.004795060734782803
0.01983851356091447 -0.004409236277749516
0.02424332074235065 -0.004407439363528759
0.02537342906313296 -0.004135564219230699
-0.02633752173508517 -0.002930008359226895
-0.0242964120201099 -0.003162504199355978
-0.02302427396616537 -0.003283049878839704
-0.02189151985907362 -0.004090431914708848
-0.02062655419382676 -0.004128257299569253
-0.01767652134010566 -0.00425111556639009
-0.009706561059412932 -0.005590796487131093
-0.007558147352476695 -0.006231254552675272
-0.001445574631799546 -0.003099185363034227
0.00358191498711116 -0.005253766713869524
0.009544826564787137 -0.003397543401290007
0.01176499030492225 -0.004181048618161131
0.01521878170978107 -0.003785643811309822
0.01709381141508255 -0.003782842022012728
0.01897471040793992 -0.003348868862019099
0.02113613759002411 -0.003830193054134602
0.02350955802161832 -0.003318023764421512
0.02461851373172681 -0.003409082731367089
0.02624341220852804 -0.003678765434403553
-0.02546142571313776 -0.002813923899030877
-0.0237173271538445 -0.002108199058644078
-0.02254794528626767 -0.002177064735998337
-0.02151514898618463 -0.002757001729187562
-0.0192449781997056 -0.004226994501507911
-0.01870494540378704 -0.002793144096669113
-0.01571062884487066 -0.003880721981383181
-0.01241747216538605 -0.002843704043403516
-0.0103211001690224 -0.003379260547800685
-0.008124632800152711 -0.003897388864479658
0.001092086756845473 -0.004111759843860541
0.01138188025875191 -0.002130824203255118
0.01341317603856447 -0.00298960266265601
0.02035354029126946 -0.002753482268875525
0.02239017500911573 -0.003432709768076281
0.02310523352174425 -0.002087900924145383
0.02432858559182062 -0.002371183319860372
0.02548342146272268 -0.002928421017740157
0.02644694417443838 -0.001676049943345704
-0.02642288481711989 -0.002020187507572505
-0.0255774675350056 -0.00154945224492738
-0.02475936063054878 -0.002085995781516171
-0.02327052234568732 -0.001003730082943927
-0.02194435944986503 -0.001144610561449831
-0.02015249110849535 -0.002751806279388186
-0.01935221476994038 -0.001308572155460026
-0.0171013664266427 -0.002903027293743363
-0.01602997572310707 -0.001801386312900157
-0.01440520926948676 -0.002449162438189789
-0.01312685417319506 -0.0008759288222112215
-0.01102310751933038 -0.001216344572065814
-0.008807124745818804 -0.001585259966398316
-0.007232684203022691 0.000426401942186114
-0.006456259683587043 -0.001954392949207313
0.005655683970380451 -0.003930162660258287
0.01474595078035538 -0.001724110109374869
0.01802909617926916 -0.002419866060792804
0.02540779404884954 -0.001875834767659345
-0.02648104942931724 -0.001002008320438186
-0.02557099776489301 -0.0004482798555141573
-0.02450361770696111 -0.0009833283858104076
-0.02075686700783938 -0.001340459902465591
-0.01780860641805561 -0.001349732637095304
-0.01498040516860939 -0.0004154806612391462
-0.009597275371969732 0.0006234554828259426
-0.00470507420585303 0.0002137922427631152
0.007478817746647637 -0.00255421391063585
0.00938184514899577 -0.001060411161915454
0.01297075064370628 -0.0008911128091232634
0.01941800255678064 -0.001611341020525809
0.02084393988849816 -0.001250374322681118
0.02174929349456913 -0.002357078128551045
0.02436553557806286 -0.001330237646615641
0.02552776916015079 -0.0008270867288954811
0.02648685552467337 -0.0008345561864056445
-0.02648635567399985 0.0008502723996817273
-0.02478180667656694 0.0002183833555386625
-0.01996663782002246 0.0001193587247568699
-0.0185088803006057 0.0001981614564122435
-0.0167964787749514 -6.04032265032834e-05
-0.01386435667224474 0.001102544220217006
-0.01182576805291699 0.0008134414681054931
-0.002026085654085169 -0.000149948589675938
0.003217180447138614 -0.00256122701985389
0.005241156280336987 -0.001179603633315961
0.007337689315372853 8.082569853879762e-05
0.009318217710313255 0.001404620698735445
0.01117644993394338 0.0001787493785039039
0.01631738328859194 -0.002287651611999649
0.02218764113655513 -0.001010414487662777
0.02338279266944385 -0.0007947538868442147
0.02372833511579934 0.0004113196890980147
0.02460261427092267 -0.0002158606251530391
0.02553297766754173 0.0003077283250742037
-0.02558176123116539 0.0007824521056919705
-0.02380909063508791 7.044473908936059e-05
-0.02252480526161006 8.923679995257967e-05
-0.0212988298054046 0.0001881336497685317
-0.01760357182392274 0.001558456892356439
-0.01579946182984133 0.001362015205848232
-0.01270710974397635 0.002737329025474502
-0.01052812980813669 0.002641913972841973
-0.008168012099146872 0.002632371304223853
-0.005656046878428648 0.002603697139027293
0.007377499619490637 0.002660940224078162
0.01285061111008165 0.001328925838822445
0.01448762930609875 0.0002901342420175252
0.01615674518227715 -0.0004256238773751661
0.01765432123440033 -0.001020637829817309
0.01893174205133868 -0.000219210854268255
0.02021455990942868 4.298271471242792e-05
0.02146986653113492 0.000228787901606893
0.02264097778112942 0.0003829673934402793
0.02455416626610593 0.001094945163824457
0.0255260686391344 0.001358356417734178
0.02648226126195127 0.0009694523622434621
-0.02644646501250091 0.001683593801230725
-0.02544732493947238 0.00184094702158013
-0.02445788989087008 0.001339309982732316
-0.0232965983112239 0.001080936129310942
-0.02211231438823486 0.001475768216296982
-0.02061894823789485 0.001513927733568615
-0.01926332743897819 0.0017085054510701
-0.002927990677892144 0.002524954373234017
4.467687827576316e-05 0.002088273559758549
0.0006400531528861468 -0.001159760467061793
0.002753502875741131 0.0004071203311622369
0.005138715857151724 0.001520652451101842
0.01114880901988981 0.002530010491554435
0.01765313526431518 0.0006990253900539899
0.02204878506802836 0.001626994053238131
0.02335011864183315 0.001618110336064479
0.02453930001149034 0.002240966860918607
0.0255066181335008 0.002357074961150635
0.02642660056993281 0.00197098523136569
-0.02552210084721491 0.002958436231693574
-0.02458576653079433 0.002593386837718359
-0.02345952242538987 0.002169826878397087
-0.02128839254825184 0.002589939836595664
-0.01475244337306956 0.002862042180367555
-0.009330033222542469 0.004581718970334062
-0.006918120281358488 0.004767541291957032
0.002793244278771112 0.003123727383861247
0.003508256376463105 0.005698225868352754
0.01448853297715322 0.002348638029893891
0.0160019186199501 0.00136548033154259
0.01748411402839613 0.002233743472621683
0.01880293506445752 0.002682636079038551
0.01923586253537559 0.001359459144347632
0.02071029291510746 0.00155040479555231
0.02139087016416764 0.002997629093834554
0.02255876481310366 0.002862020166210582
0.02362588465507546 0.002799939687018995
0.02532212387096328 0.00332267147834786
0.02632953293744708 0.00300094907247972
-0.02624438954762831 0.003671786635411782
-0.02508591977400206 0.003865522985461393
-0.02383719805155311 0.003369916547025907
-0.0225525195322244 0.002869609979647713
-0.02002258575416533 0.003196242669628136
-0.01841079778262011 0.003062431118589402
-0.016657670734371 0.002980825728875152
-0.0115880124270018 0.004489653077938863
-0.001571316132152087 0.004749778200109411
0.0008170987560311257 0.004893949035526375
0.01609264328650712 0.003238251090067968
0.02016622978982922 0.002923421231989875
0.0231921220059375 0.004044376629545864
0.02436242156862373 0.003558852772784307
0.0251838747515864 0.004405557626610307
0.02619702973281178 0.003995701803454773
-0.02608609471025451 0.004665368452570977
-0.02518375176382141 0.004973247051176511
-0.02408327267105843 0.004395416238975604
-0.0227869173165567 0.004106153233388838
-0.0214671466996966 0.003857581226226115
-0.01908136073009598 0.004494196743139287
-0.01565778755978224 0.004462375014406722
-0.01369764217917979 0.004456877317793816
-0.00829062447351187 0.006590991415806992
-0.004412146111379121 0.004864240077557412
0.005342728667384031 0.004085474355353309
0.01129019412509653 0.004779245317703775
0.01292464354533981 0.003495456184902472
0.01464009894397163 0.004322782343522258
0.01917841016176717 0.004114235952780662
0.02073494469310551 0.004425443556601829
0.0220479223495669 0.004245988434425779
0.02410117059439149 0.004694422425142869
0.02602510935029909 0.004994365121688042
-0.02427157125783144 0.005443924210574262
-0.02314576379522639 0.005242822169755132
-0.02052066331771943 0.00479566185913334
-0.01819698947372205 0.005940141414089215
-0.01746003744761407 0.004488059489273908
-0.01652527262371739 0.005958058877541829
-0.01469289019621296 0.00602575155677027
-0.0127063306070509 0.00614221348485324
-0.01056699749197565 0.006322654913864713
-0.009786869205308421 0.008208362592576011
0.00173438848131246 0.007164102675876927
0.007552088163279694 0.005144695661582048
0.009385958306258112 0.003869819350768179
0.01307744434215373 0.005538957200921962
0.01633873966483223 0.005008518233704475
0.01765405902818702 0.003956963256800077
0.01799615087033523 0.005508558553031158
0.01955178141172 0.005303107095287619
0.02061454246487826 0.00608503611225041
0.02170960049698357 0.005557718372469559
0.02293755062799318 0.005364636630861661
0.02398734097592673 0.005761464997756005
0.02500950006908751 0.005481244411644146
0.0258178262440394 0.005974098072316999
-0.02585733100357615 0.005800726914864439
-0.02494617225424839 0.006197511332379241
-0.02113430634125838 0.006294165043890997
-0.01967734422011467 0.005926791775115139
-0.01563094714965986 0.007496351210204121
-0.01487597472981375 0.009066508126073283
-0.01381137611993455 0.007659914060916603
-0.01184991552015926 0.007886681514342441
-0.003012215508993026 0.00676339236619412
0.005719529648541264 0.006630552954426985
0.009707857062308232 0.006205445554898477
0.01154784978372263 0.006932736484101338
0.01485806650384137 0.00612062685771552
0.0165210866601043 0.006614561152919379
0.01789150545465718 0.007082282987819338
0.01925118318081744 0.00662106735145367
0.02133329883926968 0.00708937688225017
0.02246878805922978 0.006633460452212572
0.02356765996169096 0.006682378651302345
0.02559536757193118 0.006864922359538269
-0.02556975281907125 0.006959722746417196
-0.0237491763598549 0.006382718032558781
-0.02253500328834984 0.006281606705251333
-0.02185861085382755 0.005160976767778154
-0.02003096768564253 0.007212465532177944
-0.01729309547585361 0.00739588777327441
-0.01305848416068629 0.009326465006099252
-0.005892272436718833 0.006970054166413837
-0.0005735235057451802 0.007453052344871318
0.01347550247455715 0.007381024178111146
0.01530947070680975 0.007814816064146189
0.01697796991479984 0.008306887077045355
0.02013218940452614 0.007653853478651772
0.02474093445290773 0.006611105962404582
-0.02525083860133543 0.008040220755371285
-0.02452744907542598 0.007235296531050652
-0.02335503449208103 0.007382453139376298
-0.02213742154395294 0.007329757751609642
-0.02096294983735891 0.007822100960147214
-0.01877579243444861 0.007385974828862471
-0.01657563239276852 0.008872985907367242
-0.01117509880968908 0.009683243003827955
-0.004320952458110457 0.008446003236467879
0.01397065734975448 0.009033823202193413
0.0156897327799126 0.009383412549672766
0.018831071630907 0.008100958629740323
0.01969887972725711 0.00924573718524712
0.02092566690672127 0.008541377846106335
0.02212292752647485 0.007987952025334354
0.02322713020903265 0.007758587710040836
0.02433911163680151 0.007624673345714162
-0.02488199694156894 0.009117906995163736
-0.02421984948171478 0.00827964114809129
-0.02310622649934972 0.008412689621118271
-0.02201874297774227 0.008499450733513962
-0.01968347879257596 0.008684203108947148
-0.01816647499999623 0.008758732609396696
-0.01583005126443049 0.01037821852580301
-0.007666841538048865 0.008620364014584379
-0.005940208516661182 0.009608169743100369
-0.002190269417356392 0.00920028658653904
0.001534537630092549 0.00927240800762583
0.008065586191650037 0.007336587670250119
0.01710816208883426 0.009962964216251723
0.01821356192289303 0.009180842335832084
0.01868680960052371 0.01041998859860941
0.02188469526536131 0.009253338483053429
0.02296663835755099 0.00892614167143356
0.02400382058157704 0.008691375355675724
0.02508581028640245 0.008541201444675853
-0.02375593798492509 0.009317673942354011
-0.02247550207349256 0.009482263846766354
-0.0210207393110433 0.009129261850001879
-0.01881393265965622 0.01000029414317185
-0.01737313520347151 0.01016594812202527
-0.01415427436281691 0.01064811448402238
-0.0124383108216502 0.01104474294174997
-0.01066497352222936 0.01149155465256654
-0.009236216464239867 0.01013339417282541
0.003900873249767814 0.008299544682152889
0.01006155309450825 0.008508641956925026
0.01206894156710042 0.008744776242080287
0.01757212584472376 0.01130678123936763
0.01986648454740014 0.01077799074773235
0.02076358226099199 0.00989553716229602
0.02175739727265447 0.01049707205114491
0.02271061762298738 0.01012773726906375
0.02366581677304533 0.009835595604872878
0.02478993250225226 0.009365321482922694
-0.0241287846788997 0.0109568129387573
-0.02338695401478891 0.01030345374511059
-0.02238656825204187 0.01054040591208727
-0.02135602899277759 0.01023853460797824
-0.02008138949791615 0.01006043708866546
-0.01514415105380118 0.01186844979705937
-0.005593838783929168 0.01180684951714308
-0.003923429220283901 0.0106757636822764
-0.0003375182679541559 0.01016907704832082
0.003281197295605253 0.0106211893859058
0.005251337617976635 0.01021473936439098
0.006324927928495202 0.008719555792605155
0.008221873685304169 0.009393638572892365
0.00932156475204441 0.01074428211098931
0.01104810631549816 0.01035383299270511
0.01283824067992971 0.01040476164444242
0.01456494192104771 0.01061946840502664
0.02227826290851876 0.011446407185043
0.0231824877972986 0.01101628544817263
0.02411221825793899 0.01099322202588224
-0.02378538189944529 0.01168356142411776
-0.02292984968881972 0.01141225296943177
-0.0217723595647376 0.01145510427122123
-0.02061736976506767 0.0112738717481614
-0.01810774014050977 0.01137821283501122
-0.01669807554655961 0.01162485861126795
-0.01358763927710918 0.0122938494073816
-0.007463669114050887 0.01090904306920404
-0.003753439221475147 0.01283719025792432
-0.00206596965868304 0.01161740964621415
0.003205544024122538 0.01277254624813295
0.005113290908041522 0.01209601434523133
0.00713351565963145 0.01110382753095058
0.01045929039636629 0.01223476953226812
0.01209425970570009 0.01203424560573068
0.0136138836466356 0.01195637448987696
0.01603782494574668 0.01101380852945326
0.01892202549904419 0.01182759935491286
0.02097828684066927 0.01128203348668969
0.02247012696659564 0.01240469209447871
0.02365655402277058 0.01194225488735877
-0.02235389699949659 0.01241455055475118
-0.02119270144111221 0.01240216494078472
-0.01998681177872471 0.01242268353277701
-0.0193773773158129 0.01129492153060185
-0.01755987066925201 0.01276141539865514
-0.01603596228560543 0.01299790136088886
-0.01195973315483164 0.01275702275796974
-0.01033586979661872 0.01330732519077145
-0.008936149330272536 0.01214966118612921
-0.007161329361231172 0.0129305626509608
-0.005393776765522056 0.01383096806750137
-0.003675410424921654 0.01484514020266727
-0.002043448539938581 0.01386153663755157
-0.000352473927273805 0.01256437159437492
0.001408174469022524 0.01162710569737406
0.004900266071686742 0.0139688404703587
0.006757506035264194 0.01310100192559005
0.01176712550466626 0.01361406605396098
0.01500186354468687 0.01227078678324093
0.01645075519899652 0.01237783003313694
0.01784682490948549 0.01261774588838967
0.02009213526460317 0.01215290251615038
0.02137024973782541 0.01231617651139395
0.02322929758310564 0.0127534204619507
-0.02290801348739524 0.01332189618974495
-0.0217745619152885 0.01338852576856139
-0.02063799200768379 0.01340073750225348
-0.0193868534655779 0.01362744639053101
-0.01876180141001414 0.01261735217547939
-0.01464066272863896 0.01344812057797293
-0.01313337340051524 0.0139024254991549
-0.01006759128771244 0.01499690169946043
-0.008660897109327813 0.01399665434719257
-0.0003455282633742254 0.01458419015067078
0.001410214407679004 0.01376064017414244
0.003139307969523631 0.0147454937926454
0.008586161833862703 0.01250784146412027
0.01349874451353492 0.01343266305306534
0.01511275957500999 0.01358238430181649
0.01655647266522605 0.01359264882504503
0.01801537596845893 0.0137162484455918
0.01921978518597403 0.01317137517603959
0.02058613676779738 0.0132046782530005
0.02178229485096403 0.01334667006352943
0.02275794255386758 0.01357667303364478
-0.02240265310535806 0.01415525109698957
-0.02121250772451944 0.01440095451166447
-0.02015164384876961 0.01440068102483137
-0.01923422138242101 0.01497619432918766
-0.01826780217163038 0.01405686678587094
-0.01694822125173649 0.01388441766822149
-0.0156429787348579 0.01452009424035513
-0.01423612398465576 0.01493242007351536
-0.01278717794642982 0.0154647965057938
-0.006990946863962123 0.01478325448230176
0.004879448896856074 0.01573949893546779
0.006510542203754553 0.01495074362336554
0.008218951780817723 0.01430323310614489
0.009980041197412602 0.01384888485239457
0.01579293472057621 0.01484840131160332
0.01721362648264523 0.01462840306923833
0.01792795779833791 0.01547779308845898
0.01873344187513763 0.01453430851239311
0.01995841061267994 0.01412267080602442
0.02116287584893851 0.01422836657780628
0.02223977565797092 0.01440980147516279
-0.02189293882492639 0.01493148450274744
-0.02045462081081683 0.01535213043970952
-0.0198075671524373 0.01615158388791323
-0.01883996826615949 0.01609519047625804
-0.01809330495440362 0.0153994385329395
-0.01709959808177004 0.01497353369543497
-0.01617431992013185 0.01573052334185656
-0.01506867015319651 0.016015172637965
-0.01161271741941787 0.0144545354344302
-0.006895199487586463 0.01648828765676475
-0.005348316576732182 0.01565825774391694
0.001484600237759938 0.01568341944729586
0.006267542729991094 0.01675273974612529
0.009471338612512498 0.01546329851194669
0.0127964420388061 0.01483609505253932
0.01434929789307847 0.01482903802316674
0.01667751773326798 0.01578101726669746
0.01957310226186837 0.01517310090707644
0.020625380896916 0.01514342613770369
0.02168757870442713 0.01522822805848946
-0.02137224185161151 0.01566771451134895
-0.02077183814113413 0.01645541674541251
-0.01911582259367014 0.01714470948423737
-0.0180657744713384 0.01685365893372982
-0.01720449224680646 0.0163311305585714
-0.01612117104565709 0.01703048351984712
-0.01382983468350745 0.01640219796390237
-0.01133770455543392 0.01607449084046402
-0.009890320878500251 0.01655395687375725
-0.008482477325051453 0.01571407723556849
-0.007003307237027114 0.01813289965756766
-0.005481399309451192 0.01737044534641777
-0.002073063447177699 0.01590360408504448
-0.0002672151957834968 0.01618534880583199
0.002116946743867084 0.01731025680620573
0.003387578951044711 0.01648235636849856
0.007830459022936625 0.01604594194271427
0.01112288248643425 0.01512019411931959
0.01371788487158765 0.01606546073443652
0.0152210521695129 0.01609869119948425
0.01777561548955039 0.01667160270901714
0.01881364743402066 0.01595827832791017
0.01995469367638049 0.01613466866078169
0.02108195201948944 0.01605619191850791
-0.02013086977757191 0.01723363229199434
-0.01823419107388053 0.01794373104818214
-0.01711675315504257 0.01762078825947599
-0.01499511079573084 0.01734403977477752
-0.0124600178872367 0.01697128369427338
-0.00829942956622828 0.01728608191919546
-0.003843978170773018 0.01662723797492253
0.0006659901665753033 0.01753560536972068
0.00482865223999946 0.01752207938160844
0.009050846501297767 0.01703125983021674
0.01055873527422401 0.01663072552653615
0.01218363492255924 0.01620281760615671
0.01437549128141064 0.01723092501073729
0.01649191346591772 0.01678351559336933
0.01911094921135228 0.0169216833730851
0.01991987377679306 0.01747708867797172
-0.01941512285615971 0.01803615824401983
-0.01734359606190898 0.01867489426671716
-0.01655577323040732 0.0193425092546419
-0.01607104129416714 0.01829525332047512
-0.01371086224367016 0.0176656586932541
-0.01246636377993829 0.01832100280104161
-0.01109997623412128 0.01764630964418296
-0.009592161305178485 0.01789510061010221
-0.004194209127748632 0.01834097667846179
-0.002653536207711105 0.01774258863328607
-0.00110381696783972 0.01758630736066699
0.006229135113169973 0.01850068734048366
0.007501324623158331 0.01771152070428627
0.01005921036157978 0.01816918686783138
0.01157934644933415 0.01750520928233689
0.01304831488712226 0.01735284888337863
0.0137755102339219 0.01854156510715041
0.01562957750224952 0.0174143763549435
0.01706091967419477 0.01770086687201956
0.01836885379797679 0.01758427450426354
0.01934060158136295 0.01811604622346348
-0.01815202011948066 0.01930684245152538
-0.01482395789445769 0.01849918465479878
-0.01366022254598352 0.01886889859133753
-0.01146337619424052 0.01902605147981677
-0.01012235234442905 0.0189514739786687
-0.008445863555500326 0.01886551406665492
-0.005654091869422055 0.01896051045537575
-0.004516483412727515 0.01993587380864465
0.001838408083192078 0.01892017461843249
0.003398716264587323 0.01831090423413413
0.008629651976737681 0.01847477959757109
0.01125274431891337 0.01875053795068482
0.01252288977079948 0.01857766773531115
0.01487624028965728 0.01840112479181163
0.01615816799050713 0.01843459795174954
0.01783537601599177 0.01838272555699103
-0.01538918631011349 0.01940393776741429
-0.01428596518960889 0.01976637027869647
-0.01283234744227896 0.01966916640854482
-0.01181236065280412 0.02018874301662214
-0.009315510293382389 0.02004282612023991
-0.007009926256535987 0.01958896514153112
-0.003079827304055454 0.01941149005062349
-0.0015681224994823 0.01909806691769797
8.185616366003027e-05 0.01891451242245824
0.003447897153699975 0.01980003333379437
0.004649978222451798 0.02057624940960455
0.004832208960045508 0.01910451484118348
0.006030906051045857 0.02003826156973138
0.007486362288402408 0.01942515303519176
0.009121833587999855 0.01957364027567787
0.0104037735385296 0.01963210884266034
0.01186718777069215 0.01982846644478248
0.01309514000083823 0.01966911929951361
0.01432705651582905 0.0197064114181227
0.01536623866391081 0.01930851856569442
0.01634307499487301 0.01968367018040188
0.01705777370767997 0.01898053020273002
0.01800812610046482 0.01944112635568779
-0.01751826406681727 0.01988367230220923
-0.01589849440950242 0.02023775312464672
-0.01490839947898261 0.02064750236732255
-0.01356350679865095 0.02060102686888381
-0.01057990857555911 0.02016059445748586
-0.008085182595931061 0.02026355021920524
-0.007165310859309593 0.02113261899936068
-0.00589144399488492 0.02046732616085705
-0.004718906437739327 0.02139454397194086
-0.003459442992146825 0.02094855027880026
-0.002084764077370902 0.02055592699012599
-0.00059464382047102 0.02029050774722475
0.0009158221070510118 0.02019810201124315
0.002309666118426399 0.0203464223522715
0.004505277342751471 0.02185540345286725
0.005769285730585927 0.02151945248420513
0.007072601859166749 0.02083967565649073
0.008369856297172436 0.02062175049477364
0.009779786330080181 0.02078002560050924
0.01107067417291748 0.02073320591310895
0.01241671371941798 0.02086664507451912
0.01351075710064179 0.02066931392808227
0.01464587342109648 0.02084001539131642
0.01547090295697001 0.02034506376586456
0.01727633096081832 0.0200942376911625
-0.01592687224085235 0.02117981917769789
-0.01416049805148308 0.02140649156089326
-0.01316828141816062 0.02184324655755198
-0.01250624918244969 0.02102808401810941
-0.01114174795828531 0.02121185384435625
-0.009882327240199329 0.02128520822188879
-0.008703220775905143 0.0213408527127112
-0.006994932531857579 0.0223975860048068
-0.005905456013509354 0.02179508017163322
-0.003793799289471125 0.02241256780960819
-0.002520623474015808 0.02193197423215944
0.0003767641416363722 0.02144563858653691
0.002642575312903214 0.02265108610804708
0.003310911900742132 0.0214136513159701
0.005044660691995026 0.02289598699961225
0.00801881738713617 0.02191328599540589
0.009163031620385136 0.0217421971706149
0.01050006239186777 0.02184388273986909
0.01166901789777221 0.02172002013305149
0.01293968291290359 0.0218775472393119
0.01389299418764742 0.02158212941254517
0.01569079462252403 0.02135530294955654
0.01649048044499193 0.02074401251692936
-0.01508449951574378 0.02178779186012736
-0.01414012971030441 0.02241220051036524
-0.01183325408444162 0.02194614797104159
-0.01057456170392223 0.02225713635584188
-0.00940821715618079 0.02249028020535313
-0.008069516611450771 0.02219554742629942
-0.006045047471633055 0.02305205143856289
-0.004904208499149747 0.02278536129542121
-0.001097471757433046 0.02158317389698637
0.00183448935046657 0.02154337353906271
0.003763520164948969 0.02289324336043336
0.006928059907760234 0.02211549650627867
0.008633774413495788 0.02293850281822342
0.009776627484764391 0.02267598232239398
0.01112391230575149 0.02283637345465872
0.01404484544678972 0.0224720340992979
0.01490582743048819 0.02191041553114949
-0.01323671910116038 0.02295733580646674
-0.01241769770565531 0.02262964945208579
-0.01131768563862173 0.02299893885462611
-0.0102635236987961 0.02337431544959265
-0.008458280995382279 0.02315837680442446
-0.007363237590343695 0.02345460420270552
-0.0052274253100435 0.02400009410582777
-0.004124888422409293 0.0238424444811423
-0.00293229050762005 0.02322042902077863
-0.001581068348654738 0.02278150373623112
-0.0002041555419645249 0.02259948110820316
0.001187855019541832 0.02258741899481333
0.003228384327974704 0.02401996924683746
0.005490092704026958 0.02400818707069644
0.006138688441656559 0.02285294072642971
0.00751701196748121 0.02320423047645931
0.01172712310601865 0.02376393451125996
0.01215594292983604 0.02258165288039762
0.0132710899174879 0.0229374840026392
-0.01216493662934095 0.02354281880245342
-0.01114410184389978 0.0240428574468777
-0.009297691276303257 0.02376141618333416
-0.008218189145681057 0.02422209561612539
-0.006382677670485092 0.02403117541937431
-0.005958453309468509 0.02496501513164097
-0.004854442022660396 0.02501005970872648
-0.003154422481735586 0.02437749912984253
-0.001935249073972883 0.02387298391985826
-0.0006783211089663606 0.02370463369852439
0.0005983006316166295 0.02361648634309704
0.001231990419840614 0.0245687194964255
0.001951823938742079 0.02357805920882899
0.004371967581436887 0.02401867885561745
0.006200220740764838 0.02487154716896455
0.006604541016776832 0.02382893608449662
0.008310408061709082 0.02409399888333806
0.009330033165273316 0.02380320041193958
0.01034970734241902 0.02343579440753373
0.01098944343825635 0.0241139406311306
-0.0093181847394246 0.02480768898936732
-0.008536253265360085 0.0250874944940538
-0.007160872069817935 0.02464143380272949
-0.006683522786945766 0.02564333291295689
-0.005575831434243588 0.02590675787152663
-0.003899331476003888 0.02516832985461404
-0.002198006245878406 0.02488804552467001
6.52362601249524e-05 0.02466917315192683
0.002371562040264153 0.02461386557394009
0.003960885561067651 0.02511039114074341
0.005041639280430826 0.02504717474177483
0.007350945810689791 0.0244995952514807
0.008249134679221042 0.02518336308942605
0.009181928023791298 0.02485844318705541
-0.00454350879596411 0.02610759520859514
-0.002883110537447534 0.02557133541977846
-0.001630164960447106 0.02571805526778068
-0.001075594326156065 0.02476362336457365
0.0007144943208567367 0.02556330547732832
0.001827290903650293 0.02553122011813005
0.003003407165809047 0.02538221704317374
0.004533388641218048 0.02610935440031856
0.00549871157053129 0.02592323612373776
0.00639307380935214 0.02571728227022622
0.007289036824281473 0.02547783235618119
-0.003506011559769197 0.02626704936687003
-0.002326542924615608 0.02639767410378068
-0.001122388673836646 0.02647622034063186
-0.0004482177507311648 0.02565433449398625
0.0008485003878388336 0.02648641249001281
0.00165726633046167 0.02644812786943028
0.003577415394904142 0.02625741988437999